01|BUDAPEST  |002|BUDAPEST          02|00079302|00000060|00000001|00079361|00041724|00036647|00005077|00024410|00012237|00000033612
01|BUDAPEST  |003|BUDAPEST          03|00110212|00000081|00000005|00110288|00044593|00040831|00003762|00023337|00017494|00000040100
01|BUDAPEST  |004|BUDAPEST          04|00083153|00000033|00000000|00083186|00027223|00026684|00000539|00016704|00009980|00000023527
01|BUDAPEST  |005|BUDAPEST          05|00033554|00000020|00000000|00033574|00016110|00012052|00004058|00008350|00003702|00000008102
01|BUDAPEST  |006|BUDAPEST          06|00046159|00000043|00000006|00046196|00017990|00017555|00000435|00011943|00005612|00000013857
01|BUDAPEST  |007|BUDAPEST          07|00061224|00000044|00000021|00061247|00022876|00021750|00001126|00016061|00005689|00000012119
01|BUDAPEST  |008|BUDAPEST          08|00071122|00000063|00000004|00071181|00023813|00021750|00002063|00013318|00008362|00000024067
01|BUDAPEST  |009|BUDAPEST          09|00057033|00000027|00000003|00057057|00021945|00020799|00001146|00013742|00007057|00000018699
01|BUDAPEST  |010|BUDAPEST          10|00069477|00000020|00000001|00069496|00023255|00017051|00006204|00011721|00005330|00000010588
01|BUDAPEST  |011|BUDAPEST          11|00125031|00000136|00000006|00125161|00059160|00033102|00026058|00013107|00019995|00000046088
01|BUDAPEST  |012|BUDAPEST          12|00057949|00000045|00000005|00057989|00031255|00023566|00007689|00013454|00010112|00000029865
01|BUDAPEST  |013|BUDAPEST          13|00101009|00000044|00000012|00101041|00039246|00036407|00002839|00025442|00010965|00000027888
01|BUDAPEST  |014|BUDAPEST          14|00108032|00000065|00000002|00108095|00046755|00029243|00017512|00020345|00008898|00000021838
01|BUDAPEST  |015|BUDAPEST          15|00072900|00000022|00000003|00072919|00026560|00026027|00000533|00017176|00008851|00000019608
01|BUDAPEST  |017|BUDAPEST          17|00059226|00000020|00000000|00059246|00017316|00015819|00001497|00010762|00005057|00000007581
01|BUDAPEST  |019|BUDAPEST          19|00054618|00000041|00000002|00054657|00020272|00018700|00001572|00013593|00005107|00000009383
01|BUDAPEST  |020|BUDAPEST          20|00055094|00000003|00000001|00055096|00017310|00015097|00002213|00011184|00003913|00000010701
01|BUDAPEST  |021|BUDAPEST          21|00066610|00000023|00000001|00066632|00020380|00019502|00000878|00011730|00007772|00000017679
01|BUDAPEST  |022|BUDAPEST          22|00040929|00000039|00000003|00040965|00015985|00015567|00000418|00009198|00006369|00000013927
01|BUDAPEST  |023|BUDAPEST          23|00016105|00000014|00000000|00016119|00006565|00005930|00000635|00001974|00003956|00000008960
02|BARANYA   |011|BABARC              |00000677|00000004|00000000|00000681|00000472|00000469|00000003|00000059|00000410|00000001024
02|BARANYA   |034|BOGÁDMINDSZENT      |00000334|00000000|00000000|00000334|00000264|00000264|00000000|00000070|00000194|00000000384
02|BARANYA   |040|BÓLY                |00002853|00000000|00000000|00002853|00001378|00001376|00000002|00000277|00001099|00000003077
02|BARANYA   |058|DRÁVAKERESZTÚR      |00000141|00000000|00000000|00000141|00000102|00000102|00000000|00000015|00000087|00000000188
02|BARANYA   |075|FEKED               |00000258|00000000|00000000|00000258|00000166|00000165|00000001|00000013|00000152|00000000328
02|BARANYA   |077|FELSŐSZENTMÁRTON    |00001021|00000000|00000000|00001021|00000638|00000638|00000000|00000113|00000525|00000000721
02|BARANYA   |080|GERESDLAK           |00000844|00000000|00000000|00000844|00000487|00000487|00000000|00000039|00000448|00000000878
02|BARANYA   |091|HÁSSÁGY             |00000265|00000001|00000000|00000266|00000220|00000220|00000000|00000027|00000193|00000000381
02|BARANYA   |129|KISJAKABFALVA       |00000153|00000000|00000000|00000153|00000129|00000129|00000000|00000025|00000104|00000000245
02|BARANYA   |138|KOMLÓ               |00022354|00000007|00000000|00022361|00006987|00006965|00000022|00003192|00003773|00000007573
02|BARANYA   |144|KÖKÉNY              |00000385|00000000|00000000|00000385|00000314|00000314|00000000|00000072|00000242|00000000650
02|BARANYA   |145|KÖLKED              |00000891|00000000|00000000|00000891|00000537|00000537|00000000|00000339|00000198|00000000402
02|BARANYA   |146|KŐVÁGÓSZŐLŐS        |00000936|00000000|00000000|00000936|00000547|00000537|00000010|00000250|00000287|00000000447
02|BARANYA   |149|LÁNYCSÓK            |00002050|00000002|00000000|00002052|00001152|00001146|00000006|00000442|00000704|00000000000
02|BARANYA   |151|LIPPÓ               |00000495|00000000|00000000|00000495|00000272|00000272|00000000|00000027|00000245|00000000617
02|BARANYA   |152|LIPTÓD              |00000250|00000000|00000000|00000250|00000227|00000227|00000000|00000021|00000206|00000000574
02|BARANYA   |155|LÚZSOK              |00000137|00000000|00000000|00000137|00000081|00000081|00000000|00000009|00000072|00000000150
02|BARANYA   |160|MAGYARMECSKE        |00000227|00000001|00000000|00000228|00000175|00000175|00000000|00000106|00000069|00000000128
02|BARANYA   |182|MOHÁCS              |00015793|00000002|00000000|00015795|00006811|00006740|00000071|00002516|00004224|00000009591
02|BARANYA   |188|NAGYDOBSZA          |00000493|00000001|00000000|00000494|00000340|00000340|00000000|00000139|00000201|00000000420
02|BARANYA   |193|NAGYPALL            |00000344|00000000|00000000|00000344|00000197|00000197|00000000|00000014|00000183|00000000483
02|BARANYA   |201|OLASZ               |00000498|00000000|00000000|00000498|00000325|00000324|00000001|00000096|00000228|00000000463
02|BARANYA   |212|PATAPOKLOSI         |00000291|00000000|00000000|00000291|00000219|00000219|00000000|00000093|00000126|00000000297
02|BARANYA   |218|PÉCS                |00130487|00000035|00000000|00130522|00036415|00031195|00005220|00015743|00015452|00000037621
02|BARANYA   |223|PISKÓ               |00000186|00000003|00000000|00000189|00000141|00000140|00000001|00000023|00000117|00000000252
02|BARANYA   |232|SÁSD                |00002903|00000000|00000000|00002903|00001290|00000986|00000304|00000263|00000723|00000001429
02|BARANYA   |234|SELLYE              |00002497|00000000|00000000|00002497|00001071|00000978|00000093|00000160|00000818|00000001880
02|BARANYA   |235|SIKLÓS              |00008455|00000002|00000000|00008457|00003737|00003631|00000106|00001313|00002318|00000003321
02|BARANYA   |237|SIKLÓSNAGYFALU      |00000260|00000000|00000000|00000260|00000203|00000203|00000000|00000078|00000125|00000000313
02|BARANYA   |246|SZAJK               |00000611|00000000|00000000|00000611|00000310|00000239|00000071|00000000|00000239|00000000480
02|BARANYA   |248|SZALÁNTA            |00000833|00000000|00000000|00000833|00000467|00000465|00000002|00000078|00000387|00000000807
02|BARANYA   |253|SZÁSZVÁR            |00002242|00000000|00000000|00002242|00001258|00001255|00000003|00000493|00000762|00000001843
02|BARANYA   |269|SZŐKÉD              |00000276|00000000|00000000|00000276|00000208|00000106|00000102|00000039|00000067|00000000096
02|BARANYA   |271|SZŰR                |00000279|00000000|00000000|00000279|00000152|00000152|00000000|00000018|00000134|00000000326
02|BARANYA   |284|ÚJPETRE             |00000851|00000000|00000000|00000851|00000410|00000409|00000001|00000044|00000365|00000000879
02|BARANYA   |292|VELÉNY              |00000125|00000000|00000000|00000125|00000105|00000104|00000001|00000039|00000065|00000000152
02|BARANYA   |293|VERSEND             |00000655|00000000|00000001|00000654|00000330|00000330|00000000|00000042|00000288|00000000616
02|BARANYA   |296|VILLÁNY             |00002207|00000000|00000000|00002207|00001307|00001304|00000003|00000203|00001101|00000004034
03|BÁCS-KISK.|004|BAJA                |00030824|00000011|00000000|00030835|00010260|00010201|00000059|00004978|00005223|00000012623
03|BÁCS-KISK.|007|BÁCSALMÁS           |00006422|00000002|00000000|00006424|00003175|00003154|00000021|00001341|00001813|00000004543
03|BÁCS-KISK.|008|BÁCSBOKOD           |00002552|00000000|00000000|00002552|00001325|00001310|00000015|00000424|00000886|00000002604
03|BÁCS-KISK.|010|BÁCSSZENTGYÖRGY     |00000206|00000000|00000000|00000206|00000166|00000165|00000001|00000084|00000081|00000000159
03|BÁCS-KISK.|022|CSIKÉRIA            |00000813|00000001|00000000|00000814|00000511|00000511|00000000|00000091|00000420|00000000947
03|BÁCS-KISK.|031|DUSNOK              |00002659|00000003|00000000|00002662|00001572|00001570|00000002|00000550|00001020|00000002754
03|BÁCS-KISK.|041|GARA                |00002120|00000000|00000000|00002120|00000981|00000978|00000003|00000273|00000705|00000002747
03|BÁCS-KISK.|048|HERCEGSZÁNTÓ        |00002060|00000000|00000000|00002060|00001010|00001007|00000003|00000313|00000694|00000001938
03|BÁCS-KISK.|055|KALOCSA             |00014028|00000008|00000001|00014035|00006471|00001372|00005099|00000722|00000650|00000001566
03|BÁCS-KISK.|057|KATYMÁR             |00001972|00000001|00000000|00001973|00001088|00001083|00000005|00000299|00000784|00000001898
03|BÁCS-KISK.|058|KECEL               |00007259|00000001|00000000|00007260|00002644|00002630|00000014|00001794|00000836|00000002065
03|BÁCS-KISK.|059|KECSKEMÉT           |00081428|00000028|00000012|00081444|00022558|00021612|00000946|00011486|00010126|00000018788
03|BÁCS-KISK.|063|KISKŐRÖS            |00011931|00000002|00000000|00011933|00004318|00003507|00000811|00002045|00001462|00000002195
03|BÁCS-KISK.|064|KISKUNFÉLEGYHÁZA    |00026404|00000012|00000000|00026416|00009307|00008830|00000477|00006165|00002665|00000003737
03|BÁCS-KISK.|065|KISKUNHALAS         |00023268|00000030|00000001|00023297|00008028|00007443|00000585|00003647|00003796|00000005416
03|BÁCS-KISK.|066|KISKUNMAJSA         |00009567|00000000|00000000|00009567|00004315|00004287|00000028|00002616|00001671|00000003232
03|BÁCS-KISK.|070|KUNBAJA             |00001543|00000001|00000000|00001544|00001110|00001109|00000001|00000203|00000906|00000003401
03|BÁCS-KISK.|077|LAJOSMIZSE          |00008798|00000006|00000000|00008804|00003586|00003529|00000057|00001821|00001708|00000002776
03|BÁCS-KISK.|081|MÉLYKÚT             |00004902|00000002|00000000|00004904|00001884|00001874|00000010|00001161|00000713|00000001627
03|BÁCS-KISK.|097|SOLTVADKERT         |00005980|00000000|00000000|00005980|00002555|00000633|00001922|00000040|00000593|00000000870
03|BÁCS-KISK.|098|SÜKÖSD              |00003189|00000001|00000000|00003190|00001120|00001119|00000001|00000511|00000608|00000001477
03|BÁCS-KISK.|099|SZABADSZÁLLÁS       |00005214|00000001|00000000|00005215|00002365|00002347|00000018|00001834|00000513|00000000939
03|BÁCS-KISK.|115|VASKÚT              |00003034|00000000|00000000|00003034|00001436|00001435|00000001|00000449|00000986|00000002861
04|BÉKÉS     |001|ALMÁSKAMARÁS        |00000926|00000000|00000000|00000926|00000430|00000429|00000001|00000059|00000370|00000000851
04|BÉKÉS     |002|BATTONYA            |00005501|00000001|00000001|00005501|00001669|00001646|00000023|00000591|00001055|00000003198
04|BÉKÉS     |003|BÉKÉS               |00017102|00000000|00000000|00017102|00006103|00006037|00000066|00003694|00002343|00000003957
04|BÉKÉS     |004|BÉKÉSCSABA          |00053030|00000013|00000005|00053038|00015706|00014505|00001201|00006166|00008339|00000020718
04|BÉKÉS     |011|CSABASZABADI        |00000375|00000000|00000000|00000375|00000251|00000251|00000000|00000047|00000204|00000000484
04|BÉKÉS     |016|DOBOZ               |00003644|00000002|00000000|00003646|00001620|00001608|00000012|00000822|00000786|00000001672
04|BÉKÉS     |020|ELEK                |00004181|00000005|00000000|00004186|00001801|00001792|00000009|00000725|00001067|00000003249
04|BÉKÉS     |021|FÜZESGYARMAT        |00005053|00000002|00000000|00005055|00002264|00002252|00000012|00001113|00001139|00000003643
04|BÉKÉS     |022|GÁDOROS             |00003520|00000000|00000000|00003520|00001752|00001739|00000013|00001016|00000723|00000001038
04|BÉKÉS     |025|GYOMAENDRŐD         |00012935|00000004|00000001|00012938|00004933|00004887|00000046|00002410|00002477|00000003500
04|BÉKÉS     |026|GYULA               |00026412|00000040|00000003|00026449|00008670|00008614|00000056|00003510|00005104|00000012197
04|BÉKÉS     |034|KÉTEGYHÁZA          |00003415|00000001|00000000|00003416|00001733|00001725|00000008|00000430|00001295|00000004563
04|BÉKÉS     |041|KÖRÖSÚJFALU         |00000562|00000000|00000000|00000562|00000286|00000284|00000002|00000155|00000129|00000000138
04|BÉKÉS     |044|LÖKÖSHÁZA           |00001671|00000000|00000000|00001671|00000863|00000858|00000005|00000451|00000407|00000000612
04|BÉKÉS     |049|MEZŐBERÉNY          |00008866|00000001|00000000|00008867|00004057|00003758|00000299|00001351|00002407|00000005868
04|BÉKÉS     |050|MEZŐGYÁN            |00001136|00000000|00000000|00001136|00000647|00000646|00000001|00000212|00000434|00000001233
04|BÉKÉS     |053|MÉHKERÉK            |00001870|00000000|00000000|00001870|00001265|00001265|00000000|00000106|00001159|00000005053
04|BÉKÉS     |059|OROSHÁZA            |00026865|00000002|00000000|00026867|00009247|00008569|00000678|00005560|00003009|00000005395
04|BÉKÉS     |061|PUSZTAFÖLDVÁR       |00001686|00000001|00000000|00001687|00000979|00000973|00000006|00000690|00000283|00000000500
04|BÉKÉS     |062|PUSZTAOTTLAKA       |00000430|00000000|00000000|00000430|00000299|00000298|00000001|00000077|00000221|00000000487
04|BÉKÉS     |063|SARKAD              |00008511|00000003|00000000|00008514|00003814|00003347|00000467|00001593|00001754|00000002630
04|BÉKÉS     |066|SZARVAS             |00014909|00000000|00000000|00014909|00006384|00006359|00000025|00001833|00004526|00000010111
04|BÉKÉS     |067|SZEGHALOM           |00008025|00000002|00000000|00008027|00003148|00003117|00000031|00001595|00001522|00000002908
04|BÉKÉS     |069|TELEKGERENDÁS       |00001266|00000000|00000000|00001266|00000648|00000648|00000000|00000159|00000489|00000001652
04|BÉKÉS     |070|TÓTKOMLÓS           |00005764|00000000|00000000|00005764|00002769|00002764|00000005|00000412|00002352|00000008774
04|BÉKÉS     |073|VÉGEGYHÁZA          |00001387|00000003|00000000|00001390|00000867|00000865|00000002|00000439|00000426|00000001281
04|BÉKÉS     |074|VÉSZTŐ              |00006222|00000001|00000000|00006223|00002495|00002474|00000021|00001401|00001073|00000003196
05|BORSOD-A-Z|004|ABAÚJSZÁNTÓ         |00002510|00000000|00000000|00002510|00001183|00001167|00000016|00000483|00000684|00000001762
05|BORSOD-A-Z|017|ALSÓZSOLCA          |00004189|00000000|00000000|00004189|00002083|00002069|00000014|00000600|00001469|00000004932
05|BORSOD-A-Z|019|ARLÓ                |00002888|00000002|00000000|00002890|00001381|00001381|00000000|00000463|00000918|00000002479
05|BORSOD-A-Z|020|ARNÓT               |00001636|00000003|00000000|00001639|00000905|00000904|00000001|00000349|00000555|00000001623
05|BORSOD-A-Z|021|ASZALÓ              |00001386|00000000|00000000|00001386|00000710|00000705|00000005|00000395|00000310|00000000687
05|BORSOD-A-Z|023|BAKTAKÉK            |00000576|00000001|00000000|00000577|00000426|00000424|00000002|00000219|00000205|00000000343
05|BORSOD-A-Z|026|BÁNRÉVE             |00001166|00000000|00000000|00001166|00000674|00000674|00000000|00000401|00000273|00000000484
05|BORSOD-A-Z|030|BERZÉK              |00000697|00000000|00000000|00000697|00000437|00000437|00000000|00000178|00000259|00000000562
05|BORSOD-A-Z|037|BOLDOGKŐVÁRALJA     |00000817|00000001|00000000|00000818|00000631|00000631|00000000|00000162|00000469|00000001228
05|BORSOD-A-Z|038|BOLDVA              |00001712|00000000|00000000|00001712|00000929|00000929|00000000|00000475|00000454|00000001191
05|BORSOD-A-Z|039|BORSODBÓTA          |00000767|00000000|00000000|00000767|00000502|00000501|00000001|00000282|00000219|00000000372
05|BORSOD-A-Z|049|BŐCS                |00001896|00000000|00000000|00001896|00001076|00001057|00000019|00000452|00000605|00000001808
05|BORSOD-A-Z|050|BÜKKARANYOS         |00000889|00000000|00000000|00000889|00000526|00000526|00000000|00000312|00000214|00000000398
05|BORSOD-A-Z|053|BÜKKSZENTKERESZT    |00001042|00000002|00000000|00001044|00000624|00000624|00000000|00000130|00000494|00000001624
05|BORSOD-A-Z|062|CSOBÁD              |00000566|00000000|00000000|00000566|00000439|00000435|00000004|00000150|00000285|00000000457
05|BORSOD-A-Z|069|DOMAHÁZA            |00000785|00000000|00000000|00000785|00000637|00000633|00000004|00000311|00000322|00000000638
05|BORSOD-A-Z|072|EDELÉNY             |00008219|00000007|00000000|00008226|00003953|00003933|00000020|00001964|00001969|00000003941
05|BORSOD-A-Z|075|EMŐD                |00004224|00000003|00000000|00004227|00001856|00001852|00000004|00000690|00001162|00000003649
05|BORSOD-A-Z|076|ENCS                |00005103|00000004|00000000|00005107|00002408|00002404|00000004|00001189|00001215|00000002951
05|BORSOD-A-Z|087|FELSŐREGMEC         |00000125|00000000|00000000|00000125|00000117|00000117|00000000|00000034|00000083|00000000185
05|BORSOD-A-Z|090|FELSŐZSOLCA         |00005188|00000002|00000000|00005190|00002604|00002596|00000008|00001288|00001308|00000003689
05|BORSOD-A-Z|093|FORRÓ               |00001609|00000000|00000000|00001609|00001014|00001011|00000003|00000347|00000664|00000002591
05|BORSOD-A-Z|094|FULÓKÉRCS           |00000243|00000000|00000000|00000243|00000184|00000184|00000000|00000068|00000116|00000000263
05|BORSOD-A-Z|095|FÜZÉR               |00000470|00000004|00000000|00000474|00000399|00000399|00000000|00000150|00000249|00000000535
05|BORSOD-A-Z|107|GIRINCS             |00000535|00000000|00000000|00000535|00000394|00000393|00000001|00000100|00000293|00000000609
05|BORSOD-A-Z|110|GÖNC                |00001764|00000002|00000000|00001766|00001071|00001069|00000002|00000418|00000651|00000001179
05|BORSOD-A-Z|113|HALMAJ              |00001321|00000000|00000000|00001321|00000784|00000784|00000000|00000324|00000460|00000001181
05|BORSOD-A-Z|115|HANGONY             |00001311|00000000|00000000|00001311|00000843|00000843|00000000|00000348|00000495|00000001336
05|BORSOD-A-Z|121|HEJŐKERESZTÚR       |00000829|00000001|00000001|00000829|00000481|00000478|00000003|00000236|00000242|00000000445
05|BORSOD-A-Z|123|HEJŐPAPI            |00000873|00000002|00000000|00000875|00000444|00000443|00000001|00000151|00000292|00000000613
05|BORSOD-A-Z|129|HERNÁDKÉRCS         |00000295|00000000|00000000|00000295|00000238|00000236|00000002|00000148|00000088|00000000112
05|BORSOD-A-Z|130|HERNÁDNÉMETI        |00002632|00000001|00000000|00002633|00001476|00001460|00000016|00000510|00000950|00000002635
05|BORSOD-A-Z|131|HERNÁDPETRI         |00000183|00000000|00000000|00000183|00000156|00000156|00000000|00000058|00000098|00000000175
05|BORSOD-A-Z|132|HERNÁDSZENTANDRÁS   |00000300|00000000|00000000|00000300|00000235|00000235|00000000|00000137|00000098|00000000167
05|BORSOD-A-Z|133|HERNÁDSZURDOK       |00000190|00000000|00000000|00000190|00000154|00000150|00000004|00000093|00000057|00000000115
05|BORSOD-A-Z|134|HERNÁDVÉCSE         |00000589|00000003|00000000|00000592|00000426|00000426|00000000|00000069|00000357|00000000734
05|BORSOD-A-Z|136|HIDASNÉMETI         |00000875|00000001|00000000|00000876|00000605|00000602|00000003|00000212|00000390|00000000557
05|BORSOD-A-Z|139|HOMROGD             |00000727|00000001|00000000|00000728|00000540|00000540|00000000|00000088|00000452|00000000737
05|BORSOD-A-Z|149|KARCSA              |00001551|00000001|00000000|00001552|00000993|00000993|00000000|00000404|00000589|00000001457
05|BORSOD-A-Z|151|KAZINCBARCIKA       |00027241|00000007|00000000|00027248|00008965|00008731|00000234|00004617|00004114|00000006789
05|BORSOD-A-Z|155|KÁZSMÁRK            |00000641|00000000|00000000|00000641|00000435|00000435|00000000|00000148|00000287|00000000473
05|BORSOD-A-Z|156|KELEMÉR             |00000408|00000000|00000000|00000408|00000339|00000339|00000000|00000195|00000144|00000000331
05|BORSOD-A-Z|157|KENÉZLŐ             |00001174|00000000|00000000|00001174|00000635|00000635|00000000|00000208|00000427|00000001032
05|BORSOD-A-Z|159|KESZNYÉTEN          |00001304|00000000|00000000|00001304|00000796|00000793|00000003|00000313|00000480|00000001317
05|BORSOD-A-Z|162|KISCSÉCS            |00000111|00000000|00000000|00000111|00000104|00000104|00000000|00000044|00000060|00000000152
05|BORSOD-A-Z|173|KOVÁCSVÁGÁS         |00000451|00000002|00000000|00000453|00000283|00000282|00000001|00000124|00000158|00000000286
05|BORSOD-A-Z|174|KÖRÖM               |00000716|00000000|00000000|00000716|00000539|00000539|00000000|00000296|00000243|00000000398
05|BORSOD-A-Z|177|KURITYÁN            |00001286|00000000|00000000|00001286|00000727|00000726|00000001|00000339|00000387|00000000739
05|BORSOD-A-Z|178|LAK                 |00000422|00000000|00000000|00000422|00000365|00000364|00000001|00000055|00000309|00000000727
05|BORSOD-A-Z|185|MAKKOSHOTYKA        |00000697|00000000|00000000|00000697|00000520|00000517|00000003|00000165|00000352|00000000670
05|BORSOD-A-Z|186|MARTONYI            |00000402|00000000|00000000|00000402|00000225|00000225|00000000|00000148|00000077|00000000116
05|BORSOD-A-Z|190|MEGYASZÓ            |00001921|00000000|00000000|00001921|00001164|00001164|00000000|00000324|00000840|00000002951
05|BORSOD-A-Z|192|MEZŐCSÁT            |00005096|00000002|00000000|00005098|00001784|00001772|00000012|00000961|00000811|00000002081
05|BORSOD-A-Z|195|MEZŐKÖVESD          |00014306|00000004|00000001|00014309|00005923|00005883|00000040|00003679|00002204|00000004192
05|BORSOD-A-Z|201|MISKOLC             |00150338|00000104|00000012|00150430|00048444|00046144|00002300|00034150|00011994|00000027929
05|BORSOD-A-Z|206|MÚCSONY             |00001698|00000000|00000000|00001698|00001387|00001386|00000001|00000598|00000788|00000001810
05|BORSOD-A-Z|220|OLASZLISZKA         |00001437|00000000|00000000|00001437|00000768|00000763|00000005|00000406|00000357|00000000809
05|BORSOD-A-Z|221|ONGA                |00003195|00000000|00000000|00003195|00001853|00001848|00000005|00000785|00001063|00000003250
05|BORSOD-A-Z|224|ÓNOD                |00001689|00000001|00000000|00001690|00000954|00000953|00000001|00000566|00000387|00000001002
05|BORSOD-A-Z|225|ÓZD                 |00034186|00000007|00000001|00034192|00012132|00009103|00003029|00004118|00004985|00000012399
05|BORSOD-A-Z|227|PARASZNYA           |00000956|00000002|00000000|00000958|00000668|00000665|00000003|00000252|00000413|00000000556
05|BORSOD-A-Z|228|PÁCIN               |00001296|00000001|00000000|00001297|00000696|00000692|00000004|00000432|00000260|00000000742
05|BORSOD-A-Z|234|PRÜGY               |00001786|00000000|00000000|00001786|00000820|00000817|00000003|00000329|00000488|00000001314
05|BORSOD-A-Z|236|PUSZTARADVÁNY       |00000163|00000004|00000000|00000167|00000157|00000157|00000000|00000039|00000118|00000000302
05|BORSOD-A-Z|237|PUTNOK              |00005719|00000003|00000000|00005722|00002893|00002882|00000011|00001748|00001134|00000003230
05|BORSOD-A-Z|239|RAGÁLY              |00000564|00000000|00000000|00000564|00000388|00000388|00000000|00000093|00000295|00000000642
05|BORSOD-A-Z|240|RAKACA              |00000599|00000002|00000000|00000601|00000486|00000480|00000006|00000195|00000285|00000000488
05|BORSOD-A-Z|242|RÁSONYSÁPBERENCS    |00000424|00000000|00000000|00000424|00000296|00000296|00000000|00000183|00000113|00000000156
05|BORSOD-A-Z|252|SAJÓHIDVÉG          |00000713|00000000|00000000|00000713|00000476|00000475|00000001|00000174|00000301|00000000677
05|BORSOD-A-Z|257|SAJÓLÁD             |00001991|00000001|00000000|00001992|00001109|00001108|00000001|00000695|00000413|00000001340
05|BORSOD-A-Z|263|SAJÓPETRI           |00000945|00000000|00000000|00000945|00000596|00000596|00000000|00000250|00000346|00000000832
05|BORSOD-A-Z|266|SAJÓSZENTPÉTER      |00010302|00000003|00000000|00010305|00004164|00004137|00000027|00001983|00002154|00000003475
05|BORSOD-A-Z|270|SÁLY                |00001532|00000006|00000000|00001538|00001085|00001079|00000006|00000647|00000432|00000001267
05|BORSOD-A-Z|272|SÁROSPATAK          |00011185|00000000|00000000|00011185|00005597|00005568|00000029|00003481|00002087|00000004088
05|BORSOD-A-Z|273|SÁTA                |00001146|00000000|00000000|00001146|00000764|00000764|00000000|00000354|00000410|00000000928
05|BORSOD-A-Z|274|SÁTORALJAÚJHELY     |00014200|00000018|00000000|00014218|00006195|00006162|00000033|00003088|00003074|00000006608
05|BORSOD-A-Z|277|SERÉNYFALVA         |00000852|00000000|00000000|00000852|00000534|00000526|00000008|00000327|00000199|00000000287
05|BORSOD-A-Z|282|SZALASZEND          |00000823|00000000|00000000|00000823|00000447|00000447|00000000|00000276|00000171|00000000276
05|BORSOD-A-Z|287|SZEMERE             |00000291|00000000|00000000|00000291|00000206|00000206|00000000|00000071|00000135|00000000334
05|BORSOD-A-Z|289|SZENDRŐLÁD          |00000960|00000000|00000000|00000960|00000726|00000726|00000000|00000195|00000531|00000001370
05|BORSOD-A-Z|290|SZENTISTVÁN         |00002342|00000000|00000000|00002342|00001323|00001222|00000101|00000573|00000649|00000001379
05|BORSOD-A-Z|292|SZERENCS            |00008271|00000003|00000000|00008274|00003910|00003804|00000106|00002374|00001430|00000001917
05|BORSOD-A-Z|297|SZOMOLYA            |00001381|00000000|00000000|00001381|00000850|00000799|00000051|00000354|00000445|00000001188
05|BORSOD-A-Z|304|TAKTAHARKÁNY        |00003054|00000003|00000000|00003057|00001712|00001710|00000002|00000723|00000987|00000002771
05|BORSOD-A-Z|305|TAKTAKENÉZ          |00000846|00000000|00000000|00000846|00000590|00000588|00000002|00000293|00000295|00000000487
05|BORSOD-A-Z|306|TAKTASZADA          |00001516|00000002|00000000|00001518|00000893|00000888|00000005|00000426|00000462|00000001280
05|BORSOD-A-Z|310|TÁLLYA              |00001815|00000001|00000000|00001816|00001225|00001225|00000000|00000552|00000673|00000001609
05|BORSOD-A-Z|315|TISZACSERMELY       |00000466|00000000|00000000|00000466|00000308|00000308|00000000|00000183|00000125|00000000280
05|BORSOD-A-Z|320|TISZALÚC            |00003987|00000001|00000000|00003988|00001597|00001590|00000007|00000654|00000936|00000002673
05|BORSOD-A-Z|345|VILMÁNY             |00000881|00000000|00000000|00000881|00000548|00000548|00000000|00000201|00000347|00000000803
05|BORSOD-A-Z|351|ZÁDORFALVA          |00000372|00000000|00000000|00000372|00000276|00000274|00000002|00000134|00000140|00000000270
06|CSONGRÁD  |002|APÁTFALVA           |00002902|00000002|00000000|00002904|00001202|00001198|00000004|00000411|00000787|00000002101
06|CSONGRÁD  |012|CSONGRÁD            |00015764|00000002|00000007|00015759|00006151|00006090|00000061|00003615|00002475|00000005315
06|CSONGRÁD  |014|DESZK               |00002293|00000000|00000000|00002293|00001416|00001298|00000118|00000365|00000933|00000002856
06|CSONGRÁD  |023|HÓDMEZŐVÁSÁRHELY    |00038932|00000005|00000000|00038937|00018116|00015277|00002839|00007552|00007725|00000013972
06|CSONGRÁD  |030|MAGYARCSANÁD        |00001333|00000000|00000000|00001333|00000478|00000444|00000034|00000171|00000273|00000000951
06|CSONGRÁD  |031|MAKÓ                |00021511|00000003|00000000|00021514|00007561|00007017|00000544|00003397|00003620|00000006590
06|CSONGRÁD  |050|SZEGED              |00134827|00000019|00000001|00134845|00037314|00026475|00010839|00019728|00006747|00000012430
06|CSONGRÁD  |052|SZENTES             |00025382|00000006|00000002|00025386|00008200|00007426|00000774|00004261|00003165|00000005753
06|CSONGRÁD  |056|ÚJSZENTIVÁN         |00001082|00000000|00000000|00001082|00000559|00000556|00000003|00000215|00000341|00000000930
07|FEJÉR     |006|BAKONYCSERNYE       |00002446|00000003|00000000|00002449|00001181|00001177|00000004|00000306|00000871|00000001850
07|FEJÉR     |013|BICSKE              |00008694|00000004|00000001|00008697|00003554|00003521|00000033|00001784|00001737|00000002724
07|FEJÉR     |027|ERCSI               |00005934|00000002|00000000|00005936|00002152|00002150|00000002|00001461|00000689|00000001481
07|FEJÉR     |028|ETYEK               |00002456|00000006|00000000|00002462|00001329|00001325|00000004|00000203|00001122|00000003928
07|FEJÉR     |042|KÁLOZ               |00001926|00000002|00000000|00001928|00001021|00001010|00000011|00000928|00000082|00000000191
07|FEJÉR     |053|MÁNY                |00001510|00000000|00000000|00001510|00000816|00000809|00000007|00000118|00000691|00000002355
07|FEJÉR     |060|MÓR                 |00010968|00000002|00000000|00010970|00005070|00005049|00000021|00000565|00004484|00000009776
07|FEJÉR     |082|SÁROSD              |00002433|00000000|00000000|00002433|00001049|00001043|00000006|00000472|00000571|00000001158
07|FEJÉR     |104|VÉRTESACSA          |00001292|00000000|00000000|00001292|00000908|00000906|00000002|00000251|00000655|00000002483
07|FEJÉR     |105|VÉRTESBOGLÁR        |00000733|00000000|00000000|00000733|00000506|00000505|00000001|00000064|00000441|00000001019
08|GYŐR-M-S  |004|ÁGFALVA             |00001367|00000000|00000000|00001367|00000666|00000631|00000035|00000056|00000575|00000002190
08|GYŐR-M-S  |011|BEZENYE             |00001237|00000003|00000000|00001240|00000829|00000824|00000005|00000047|00000777|00000000555
08|GYŐR-M-S  |047|FERTŐRÁKOS          |00001636|00000000|00000000|00001636|00001203|00001198|00000005|00000231|00000967|00000002783
08|GYŐR-M-S  |055|GYŐR                |00100133|00000038|00000000|00100171|00035417|00032937|00002480|00018897|00014040|00000022677
08|GYŐR-M-S  |072|IKRÉNY              |00001071|00000000|00000000|00001071|00000540|00000528|00000012|00000420|00000108|00000000182
08|GYŐR-M-S  |077|KAPUVÁR             |00008790|00000002|00000000|00008792|00003886|00003865|00000021|00002261|00001604|00000003565
08|GYŐR-M-S  |078|KIMLE               |00002064|00000008|00000000|00002072|00001462|00001457|00000005|00000217|00001240|00000004412
08|GYŐR-M-S  |085|KÓPHÁZA             |00001402|00000000|00000000|00001402|00000877|00000876|00000001|00000074|00000802|00000003404
08|GYŐR-M-S  |115|PÁZMÁNDFALU         |00000732|00000000|00000000|00000732|00000402|00000399|00000003|00000184|00000215|00000000460
08|GYŐR-M-S  |123|RAJKA               |00001976|00000000|00000000|00001976|00000865|00000862|00000003|00000136|00000726|00000002348
08|GYŐR-M-S  |143|SOPRON              |00042546|00000003|00000001|00042548|00015092|00014927|00000165|00003265|00011662|00000023124
08|GYŐR-M-S  |151|SZIL                |00001118|00000000|00000000|00001118|00000554|00000540|00000014|00000333|00000207|00000000485
09|HAJDÚ-B   |003|BAGAMÉR             |00001899|00000000|00000000|00001899|00001023|00001010|00000013|00000624|00000386|00000000767
09|HAJDÚ-B   |005|BALMAZÚJVÁROS       |00013925|00000001|00000000|00013926|00004385|00004364|00000021|00002400|00001964|00000003647
09|HAJDÚ-B   |007|BEDŐ                |00000308|00000000|00000000|00000308|00000229|00000229|00000000|00000028|00000201|00000000516
09|HAJDÚ-B   |012|BIHARNAGYBAJOM      |00002336|00000000|00000000|00002336|00001247|00001241|00000006|00000771|00000470|00000001092
09|HAJDÚ-B   |015|BOJT                |00000572|00000000|00000000|00000572|00000356|00000356|00000000|00000173|00000183|00000000374
09|HAJDÚ-B   |018|DEBRECEN            |00162142|00000035|00000000|00162177|00040367|00037975|00002392|00023857|00014118|00000032256
09|HAJDÚ-B   |021|EGYEK               |00004775|00000000|00000000|00004775|00001947|00001941|00000006|00000898|00001043|00000001745
09|HAJDÚ-B   |030|HAJDÚBÖSZÖRMÉNY     |00023918|00000005|00000000|00023923|00007277|00007112|00000165|00003945|00003167|00000004930
09|HAJDÚ-B   |032|HAJDÚHADHÁZ         |00008838|00000007|00000000|00008845|00002871|00002809|00000062|00001406|00001403|00000002549
09|HAJDÚ-B   |034|HAJDÚSÁMSON         |00006152|00000005|00000000|00006157|00002178|00002144|00000034|00000936|00001208|00000002898
09|HAJDÚ-B   |035|HAJDÚSZOBOSZLÓ      |00018615|00000007|00000000|00018622|00006884|00006439|00000445|00004638|00001801|00000005286
09|HAJDÚ-B   |036|HAJDÚSZOVÁT         |00002233|00000001|00000001|00002233|00001308|00001297|00000011|00000823|00000474|00000001314
09|HAJDÚ-B   |039|HOSSZÚPÁLYI         |00003767|00000001|00000000|00003768|00001396|00001392|00000004|00000549|00000843|00000002357
09|HAJDÚ-B   |043|KOMÁDI              |00005135|00000000|00000000|00005135|00001657|00001648|00000009|00000995|00000653|00000001551
09|HAJDÚ-B   |044|KONYÁR              |00001654|00000000|00000000|00001654|00001086|00001084|00000002|00000822|00000262|00000000399
09|HAJDÚ-B   |045|KÖRÖSSZAKÁL         |00000732|00000000|00000000|00000732|00000462|00000461|00000001|00000143|00000318|00000000609
09|HAJDÚ-B   |046|KÖRÖSSZEGAPÁTI      |00000908|00000000|00000000|00000908|00000478|00000478|00000000|00000083|00000395|00000000906
09|HAJDÚ-B   |047|LÉTAVÉRTES          |00005265|00000000|00000000|00005265|00001431|00001429|00000002|00000875|00000554|00000001285
09|HAJDÚ-B   |056|NÁDUDVAR            |00006924|00000003|00000000|00006927|00002523|00002503|00000020|00001815|00000688|00000001137
09|HAJDÚ-B   |057|NYÍRACSÁD           |00003152|00000004|00000000|00003156|00001441|00001441|00000000|00000684|00000757|00000001890
09|HAJDÚ-B   |058|NYÍRADONY           |00005363|00000004|00000000|00005367|00002598|00002596|00000002|00000998|00001598|00000004374
09|HAJDÚ-B   |061|POCSAJ              |00001999|00000008|00000000|00002007|00000907|00000896|00000011|00000356|00000540|00000001163
09|HAJDÚ-B   |063|PÜSPÖKLADÁNY        |00012491|00000001|00000000|00012492|00004490|00004442|00000048|00002844|00001598|00000003555
09|HAJDÚ-B   |064|SÁP                 |00000764|00000000|00000000|00000764|00000511|00000508|00000003|00000190|00000318|00000000547
09|HAJDÚ-B   |065|SÁRÁND              |00001671|00000000|00000000|00001671|00000851|00000846|00000005|00000585|00000261|00000000414
09|HAJDÚ-B   |066|SÁRRÉTUDVARI        |00002548|00000000|00000000|00002548|00001405|00001398|00000007|00000665|00000733|00000001950
09|HAJDÚ-B   |068|SZEREP              |00001172|00000000|00000000|00001172|00000592|00000586|00000006|00000311|00000275|00000000701
09|HAJDÚ-B   |069|TETÉTLEN            |00001155|00000000|00000000|00001155|00000632|00000630|00000002|00000228|00000402|00000000837
09|HAJDÚ-B   |072|TISZACSEGE          |00004101|00000000|00000000|00004101|00001953|00001948|00000005|00001055|00000893|00000001968
09|HAJDÚ-B   |076|ÚJLÉTA              |00000811|00000002|00000000|00000813|00000436|00000436|00000000|00000241|00000195|00000000213
09|HAJDÚ-B   |077|ÚJSZENTMARGITA      |00001372|00000000|00000000|00001372|00000752|00000750|00000002|00000196|00000554|00000001309
09|HAJDÚ-B   |082|ZSÁKA               |00001422|00000000|00000000|00001422|00000556|00000556|00000000|00000412|00000144|00000000279
10|HEVES     |002|ADÁCS               |00002331|00000001|00000000|00002332|00001416|00001408|00000008|00001204|00000204|00000000470
10|HEVES     |007|ÁTÁNY               |00001247|00000001|00000001|00001247|00000906|00000903|00000003|00000453|00000450|00000000887
10|HEVES     |011|BESENYŐTELEK        |00002246|00000000|00000000|00002246|00000904|00000896|00000008|00000489|00000407|00000000841
10|HEVES     |016|BÜKKSZENTERZSÉBET   |00001049|00000000|00000000|00001049|00000741|00000739|00000002|00000450|00000289|00000000487
10|HEVES     |017|BÜKKSZENTMÁRTON     |00000324|00000000|00000000|00000324|00000256|00000256|00000000|00000157|00000099|00000000145
10|HEVES     |019|CSÁNY               |00001853|00000000|00000000|00001853|00000841|00000835|00000006|00000388|00000447|00000000899
10|HEVES     |023|DORMÁND             |00000747|00000000|00000000|00000747|00000442|00000414|00000028|00000235|00000179|00000000314
10|HEVES     |024|ECSÉD               |00002779|00000000|00000000|00002779|00001454|00001454|00000000|00000708|00000746|00000001511
10|HEVES     |030|EGERSZALÓK          |00001327|00000000|00000000|00001327|00000814|00000813|00000001|00000346|00000467|00000001105
10|HEVES     |033|ERDŐTELEK           |00002697|00000002|00000000|00002699|00001405|00001404|00000001|00000838|00000566|00000001534
10|HEVES     |034|ERK                 |00000655|00000000|00000000|00000655|00000313|00000312|00000001|00000138|00000174|00000000277
10|HEVES     |042|GYÖNGYÖSPATA        |00002152|00000000|00000000|00002152|00001139|00000516|00000623|00000326|00000190|00000000336
10|HEVES     |045|HALMAJUGRA          |00000893|00000000|00000000|00000893|00000603|00000601|00000002|00000195|00000406|00000000957
10|HEVES     |046|HATVAN              |00018967|00000008|00000002|00018973|00006017|00005804|00000213|00003410|00002394|00000003491
10|HEVES     |048|HEVES               |00008831|00000008|00000000|00008839|00003498|00003406|00000092|00002118|00001288|00000001952
10|HEVES     |049|HEVESARANYOS        |00000579|00000000|00000000|00000579|00000450|00000441|00000009|00000270|00000171|00000000291
10|HEVES     |053|IVÁD                |00000409|00000002|00000000|00000411|00000325|00000324|00000001|00000130|00000194|00000000265
10|HEVES     |054|KARÁCSOND           |00002503|00000003|00000000|00002506|00001411|00001392|00000019|00000701|00000691|00000002390
10|HEVES     |055|KÁL                 |00002743|00000001|00000000|00002744|00001622|00001620|00000002|00000707|00000913|00000002652
10|HEVES     |056|KÁPOLNA             |00001169|00000002|00000000|00001171|00000708|00000703|00000005|00000286|00000417|00000001473
10|HEVES     |057|KERECSEND           |00001434|00000000|00000000|00001434|00000744|00000744|00000000|00000275|00000469|00000001673
10|HEVES     |060|KISNÁNA             |00000968|00000000|00000000|00000968|00000457|00000451|00000006|00000168|00000283|00000000705
10|HEVES     |061|KOMPOLT             |00001676|00000000|00000000|00001676|00000952|00000952|00000000|00000367|00000585|00000001342
10|HEVES     |062|KÖMLŐ               |00001397|00000000|00000000|00001397|00000915|00000914|00000001|00000382|00000532|00000001631
10|HEVES     |074|NAGYFÜGED           |00001401|00000001|00000000|00001402|00000713|00000709|00000004|00000312|00000397|00000000649
10|HEVES     |083|PARÁD               |00001930|00000000|00000001|00001929|00001074|00001072|00000002|00000563|00000509|00000000896
10|HEVES     |086|PÉLY                |00001282|00000001|00000000|00001283|00000583|00000578|00000005|00000317|00000261|00000000841
10|HEVES     |087|PÉTERVÁSÁRA         |00001951|00000000|00000000|00001951|00001200|00001198|00000002|00000739|00000459|00000001094
10|HEVES     |088|POROSZLÓ            |00002595|00000000|00000000|00002595|00001138|00001135|00000003|00000522|00000613|00000001514
10|HEVES     |089|RECSK               |00002569|00000000|00000000|00002569|00001487|00001473|00000014|00000786|00000687|00000002251
10|HEVES     |091|SARUD               |00001138|00000001|00000001|00001138|00000525|00000467|00000058|00000231|00000236|00000000601
10|HEVES     |092|SIROK               |00001892|00000002|00000001|00001893|00001292|00001285|00000007|00000523|00000762|00000001825
10|HEVES     |093|SZAJLA              |00000554|00000000|00000000|00000554|00000418|00000417|00000001|00000171|00000246|00000000450
10|HEVES     |094|SZENTDOMONKOS       |00000469|00000001|00000000|00000470|00000355|00000346|00000009|00000223|00000123|00000000240
10|HEVES     |100|TARNALELESZ         |00001504|00000000|00000000|00001504|00000816|00000815|00000001|00000437|00000378|00000001006
10|HEVES     |102|TARNAÖRS            |00001374|00000000|00000000|00001374|00000420|00000417|00000003|00000263|00000154|00000000307
10|HEVES     |105|TARNAZSADÁNY        |00001078|00000000|00000000|00001078|00000724|00000724|00000000|00000333|00000391|00000001128
10|HEVES     |107|TERPES              |00000185|00000000|00000000|00000185|00000162|00000162|00000000|00000100|00000062|00000000120
10|HEVES     |108|TISZANÁNA           |00002080|00000000|00000000|00002080|00000939|00000935|00000004|00000528|00000407|00000001103
10|HEVES     |112|VÁRASZÓ             |00000526|00000000|00000000|00000526|00000397|00000397|00000000|00000198|00000199|00000000312
10|HEVES     |113|VERPELÉT            |00003046|00000000|00000001|00003045|00001528|00001505|00000023|00000482|00001023|00000003628
11|JÁSZ-NK-SZ|005|CIBAKHÁZA           |00003313|00000007|00000000|00003320|00001562|00001503|00000059|00000678|00000825|00000001203
11|JÁSZ-NK-SZ|010|JÁNOSHIDA           |00002143|00000000|00000000|00002143|00001255|00001250|00000005|00000656|00000594|00000001607
11|JÁSZ-NK-SZ|015|JÁSZBERÉNY          |00023402|00000000|00000000|00023402|00010305|00007215|00003090|00004277|00002938|00000004533
11|JÁSZ-NK-SZ|019|JÁSZFÉNYSZARU       |00004627|00000001|00000000|00004628|00002198|00001900|00000298|00001170|00000730|00000002079
11|JÁSZ-NK-SZ|022|JÁSZKISÉR           |00004555|00000001|00000000|00004556|00001921|00001917|00000004|00001027|00000890|00000002230
11|JÁSZ-NK-SZ|023|JÁSZLADÁNY          |00004602|00000002|00000000|00004604|00002537|00002524|00000013|00001668|00000856|00000001975
11|JÁSZ-NK-SZ|025|JÁSZTELEK           |00001288|00000000|00000000|00001288|00000677|00000668|00000009|00000313|00000355|00000001318
11|JÁSZ-NK-SZ|026|KARCAG              |00017395|00000001|00000001|00017395|00006639|00006206|00000433|00003620|00002586|00000005304
11|JÁSZ-NK-SZ|027|KENDERES            |00004134|00000000|00000000|00004134|00002163|00002125|00000038|00001167|00000958|00000001831
11|JÁSZ-NK-SZ|030|KISÚJSZÁLLÁS        |00010101|00000005|00000002|00010104|00003962|00003833|00000129|00002175|00001658|00000003489
11|JÁSZ-NK-SZ|033|KUNHEGYES           |00006965|00000000|00000000|00006965|00002929|00001699|00001230|00000730|00000969|00000001630
11|JÁSZ-NK-SZ|034|KUNMADARAS          |00004492|00000002|00000000|00004494|00002127|00002089|00000038|00001073|00001016|00000002974
11|JÁSZ-NK-SZ|035|KUNSZENTMÁRTON      |00008152|00000000|00000000|00008152|00003889|00003841|00000048|00001853|00001988|00000003714
11|JÁSZ-NK-SZ|039|MEZŐTÚR             |00015837|00000002|00000000|00015839|00005504|00005424|00000080|00003226|00002198|00000003512
11|JÁSZ-NK-SZ|040|NAGYIVÁN            |00001092|00000000|00000000|00001092|00000845|00000838|00000007|00000405|00000433|00000001313
11|JÁSZ-NK-SZ|044|ÖCSÖD               |00003252|00000000|00000000|00003252|00001492|00000823|00000669|00000394|00000429|00000000771
11|JÁSZ-NK-SZ|052|SZOLNOK             |00061700|00000020|00000000|00061720|00020373|00016771|00003602|00008223|00008548|00000024291
11|JÁSZ-NK-SZ|053|TISZABŐ             |00001205|00000000|00000000|00001205|00000870|00000869|00000001|00000311|00000558|00000001712
11|JÁSZ-NK-SZ|054|TISZABURA           |00001774|00000000|00000000|00001774|00001087|00001069|00000018|00000489|00000580|00000001467
11|JÁSZ-NK-SZ|055|TISZADERZS          |00001131|00000000|00000000|00001131|00000717|00000714|00000003|00000392|00000322|00000000709
11|JÁSZ-NK-SZ|056|TISZAFÖLDVÁR        |00009135|00000000|00000000|00009135|00003895|00003884|00000011|00001862|00002022|00000003554
11|JÁSZ-NK-SZ|059|TISZAIGAR           |00000781|00000000|00000000|00000781|00000591|00000587|00000004|00000279|00000308|00000000651
11|JÁSZ-NK-SZ|064|TISZAPÜSPÖKI        |00001585|00000001|00000000|00001586|00000816|00000720|00000096|00000341|00000379|00000000940
11|JÁSZ-NK-SZ|065|TISZAROFF           |00001702|00000001|00000000|00001703|00000664|00000458|00000206|00000130|00000328|00000000999
11|JÁSZ-NK-SZ|068|TISZASZENTIMRE      |00002014|00000001|00000000|00002015|00001154|00001150|00000004|00000565|00000585|00000000839
11|JÁSZ-NK-SZ|074|TÖRÖKSZENTMIKLÓS    |00018525|00000002|00000002|00018525|00006554|00006485|00000069|00004128|00002357|00000004482
11|JÁSZ-NK-SZ|075|TÚRKEVE             |00008123|00000003|00000000|00008126|00003579|00003506|00000073|00002185|00001321|00000001896
11|JÁSZ-NK-SZ|076|ÚJSZÁSZ             |00005221|00000001|00000000|00005222|00002579|00000850|00001729|00000293|00000557|00000001296
11|JÁSZ-NK-SZ|078|ZAGYVARÉKAS         |00002760|00000000|00000000|00002760|00001350|00001347|00000003|00000861|00000486|00000001136
12|KOMÁROM-E |005|BAJ                 |00001854|00000000|00000000|00001854|00000987|00000986|00000001|00000081|00000905|00000003697
12|KOMÁROM-E |027|ESZTERGOM           |00022457|00000011|00000000|00022468|00009037|00006636|00002401|00002787|00003849|00000006455
12|KOMÁROM-E |040|LÁBATLAN            |00004351|00000001|00000000|00004352|00002267|00002224|00000043|00001141|00001083|00000001885
12|KOMÁROM-E |041|LEÁNYVÁR            |00001266|00000000|00000000|00001266|00000881|00000880|00000001|00000172|00000708|00000002026
12|KOMÁROM-E |044|MOGYORÓSBÁNYA       |00000657|00000001|00000000|00000658|00000490|00000490|00000000|00000063|00000427|00000000810
12|KOMÁROM-E |051|PILISCSÉV           |00001775|00000002|00000000|00001777|00000967|00000966|00000001|00000158|00000808|00000002765
12|KOMÁROM-E |062|TATA                |00019319|00000011|00000000|00019330|00007632|00006224|00001408|00003266|00002958|00000007794
12|KOMÁROM-E |063|TATABÁNYA           |00057303|00000015|00000000|00057318|00018135|00016645|00001490|00008094|00008551|00000019404
12|KOMÁROM-E |071|VÉRTESSOMLÓ         |00001015|00000000|00000000|00001015|00000752|00000752|00000000|00000058|00000694|00000003321
13|NÓGRÁD    |003|BALASSAGYARMAT      |00014044|00000003|00000000|00014047|00005354|00005299|00000055|00003013|00002286|00000004287
13|NÓGRÁD    |005|BÁRNA               |00000905|00000000|00000000|00000905|00000674|00000674|00000000|00000394|00000280|00000000474
13|NÓGRÁD    |006|BÁTONYTERENYE       |00011985|00000001|00000000|00011986|00003865|00003536|00000329|00001699|00001837|00000004520
13|NÓGRÁD    |013|BUJÁK               |00001886|00000000|00000000|00001886|00001071|00001067|00000004|00000482|00000585|00000001418
13|NÓGRÁD    |029|ENDREFALVA          |00000857|00000000|00000000|00000857|00000433|00000432|00000001|00000101|00000331|00000000711
13|NÓGRÁD    |030|ERDŐKÜRT            |00000544|00000000|00000000|00000544|00000348|00000348|00000000|00000039|00000309|00000000848
13|NÓGRÁD    |032|ETES                |00001233|00000000|00000000|00001233|00000874|00000870|00000004|00000644|00000226|00000000479
13|NÓGRÁD    |036|GALGAGUTA           |00000625|00000001|00000000|00000626|00000376|00000376|00000000|00000108|00000268|00000000717
13|NÓGRÁD    |043|HUGYAG              |00000734|00000000|00000000|00000734|00000566|00000565|00000001|00000311|00000254|00000000561
13|NÓGRÁD    |053|KAZÁR               |00001735|00000000|00000000|00001735|00001020|00001018|00000002|00000484|00000534|00000001680
13|NÓGRÁD    |054|KÁLLÓ               |00000980|00000000|00000000|00000980|00000530|00000530|00000000|00000222|00000308|00000000686
13|NÓGRÁD    |064|LITKE               |00000726|00000000|00000000|00000726|00000490|00000490|00000000|00000183|00000307|00000000535
13|NÓGRÁD    |065|LUCFALVA            |00000705|00000001|00000000|00000706|00000435|00000435|00000000|00000092|00000343|00000000685
13|NÓGRÁD    |067|MAGYARGÉC           |00000608|00000000|00000000|00000608|00000355|00000271|00000084|00000075|00000196|00000000404
13|NÓGRÁD    |070|MÁTRAMINDSZENT      |00000810|00000000|00000000|00000810|00000554|00000553|00000001|00000228|00000325|00000000662
13|NÓGRÁD    |078|NAGYBÁRKÁNY         |00000507|00000000|00000000|00000507|00000416|00000414|00000002|00000119|00000295|00000000738
13|NÓGRÁD    |082|NÉZSA               |00000957|00000002|00000000|00000959|00000667|00000666|00000001|00000072|00000594|00000001543
13|NÓGRÁD    |086|NÓGRÁDMEGYER        |00001306|00000004|00000000|00001310|00000981|00000976|00000005|00000345|00000631|00000001989
13|NÓGRÁD    |089|NÓGRÁDSZAKÁL        |00000506|00000000|00000000|00000506|00000345|00000101|00000244|00000026|00000075|00000000132
13|NÓGRÁD    |096|PÁSZTÓ              |00008140|00000005|00000002|00008143|00003316|00003292|00000024|00001811|00001481|00000002020
13|NÓGRÁD    |099|RÉTSÁG              |00002242|00000000|00000000|00002242|00001317|00001190|00000127|00000389|00000801|00000001377
13|NÓGRÁD    |101|RIMÓC               |00001506|00000001|00000000|00001507|00000765|00000764|00000001|00000426|00000338|00000000731
13|NÓGRÁD    |103|SALGÓTARJÁN         |00037867|00000010|00000001|00037876|00012306|00005738|00006568|00003162|00002576|00000007757
13|NÓGRÁD    |106|SÓSHARTYÁN          |00000615|00000000|00000000|00000615|00000475|00000475|00000000|00000154|00000321|00000000807
13|NÓGRÁD    |114|SZÉCSÉNY            |00005306|00000000|00000001|00005305|00002436|00002392|00000044|00001577|00000815|00000001252
13|NÓGRÁD    |118|SZUHA               |00000678|00000001|00000000|00000679|00000412|00000412|00000000|00000065|00000347|00000000716
13|NÓGRÁD    |120|SZÜGY               |00001067|00000000|00000000|00001067|00000642|00000538|00000104|00000325|00000213|00000000496
13|NÓGRÁD    |123|TERÉNY              |00000427|00000001|00000000|00000428|00000247|00000247|00000000|00000059|00000188|00000000351
13|NÓGRÁD    |124|VANYARC             |00001110|00000000|00000000|00001110|00000403|00000403|00000000|00000068|00000335|00000001023
13|NÓGRÁD    |126|VIZSLÁS             |00001141|00000000|00000000|00001141|00000615|00000610|00000005|00000364|00000246|00000000397
13|NÓGRÁD    |127|ZABAR               |00000508|00000000|00000000|00000508|00000389|00000384|00000005|00000184|00000200|00000000353
14|PEST      |001|ABONY               |00011654|00000001|00000000|00011655|00004870|00004822|00000048|00003141|00001681|00000002304
14|PEST      |002|ACSA                |00001177|00000001|00000000|00001178|00000524|00000524|00000000|00000175|00000349|00000001035
14|PEST      |003|ALBERTIRSA          |00008523|00000001|00000000|00008524|00003343|00003310|00000033|00002358|00000952|00000001348
14|PEST      |008|BAG                 |00002979|00000004|00000000|00002983|00001591|00001583|00000008|00001217|00000366|00000000911
14|PEST      |013|BUDAKALÁSZ          |00006228|00000002|00000006|00006224|00002385|00002367|00000018|00001099|00001268|00000003258
14|PEST      |014|BUDAKESZI           |00009389|00000016|00000008|00009397|00004012|00003988|00000024|00001201|00002787|00000006772
14|PEST      |015|BUDAÖRS             |00016106|00000020|00000001|00016125|00005864|00005826|00000038|00002383|00003443|00000007672
14|PEST      |017|CEGLÉD              |00029407|00000007|00000000|00029414|00011177|00010214|00000963|00007373|00002841|00000004142
14|PEST      |021|CSOBÁNKA            |00001534|00000000|00000000|00001534|00000748|00000747|00000001|00000275|00000472|00000001187
14|PEST      |025|DABAS               |00011583|00000030|00000002|00011611|00006312|00006284|00000028|00002284|00004000|00000007127
14|PEST      |032|DUNABOGDÁNY         |00000000|00000000|00000000|00000000|00000000|00000000|00000000|00000000|00000000|00000000000
14|PEST      |033|DUNAHARASZTI        |00012598|00000017|00000000|00012615|00004740|00004709|00000031|00001895|00002814|00000004541
14|PEST      |038|ÉRD                 |00037950|00000022|00000000|00037972|00011060|00008593|00002467|00005502|00003091|00000006635
14|PEST      |042|GALGAGYÖRK          |00000797|00000001|00000000|00000798|00000352|00000352|00000000|00000031|00000321|00000000627
14|PEST      |047|GÖDÖLLŐ             |00022243|00000034|00000000|00022277|00009328|00009250|00000078|00006278|00002972|00000007259
14|PEST      |050|HALÁSZTELEK         |00004974|00000023|00000000|00004997|00002215|00002200|00000015|00000941|00001259|00000002882
14|PEST      |054|IKLAD               |00001629|00000001|00000000|00001630|00001003|00001002|00000001|00000098|00000904|00000003962
14|PEST      |058|ISASZEG             |00007072|00000002|00000000|00007074|00003024|00003008|00000016|00001438|00001570|00000002675
14|PEST      |060|KAKUCS              |00001884|00000002|00000000|00001886|00001102|00001094|00000008|00000729|00000365|00000000742
14|PEST      |064|KEREPES             |00005325|00000014|00000002|00005337|00002292|00002262|00000030|00001275|00000987|00000001833
14|PEST      |065|KISTARCSA           |00007095|00000011|00000000|00007106|00002839|00002815|00000024|00001876|00000939|00000001578
14|PEST      |066|KISKUNLACHÁZA       |00006232|00000005|00000000|00006237|00003121|00003094|00000027|00001470|00001624|00000002348
14|PEST      |077|LÓRÉV               |00000243|00000004|00000003|00000244|00000157|00000157|00000000|00000004|00000153|00000000397
14|PEST      |085|MONOR               |00014925|00000013|00000000|00014938|00005088|00005044|00000044|00003655|00001389|00000003098
14|PEST      |086|NAGYBÖRZSÖNY        |00000640|00000000|00000000|00000640|00000453|00000255|00000198|00000147|00000108|00000000206
14|PEST      |087|NAGYKÁTA            |00009414|00000009|00000003|00009420|00003841|00003813|00000028|00002368|00001445|00000001815
14|PEST      |095|ÖRKÉNY              |00003439|00000002|00000000|00003441|00001400|00001255|00000145|00000974|00000281|00000000729
14|PEST      |097|PÁND                |00001277|00000000|00000000|00001277|00000726|00000726|00000000|00000432|00000294|00000001042
14|PEST      |100|PERBÁL              |00001469|00000001|00000000|00001470|00000752|00000751|00000001|00000151|00000600|00000002092
14|PEST      |104|PILIS               |00007143|00000004|00000000|00007147|00002851|00002847|00000004|00001684|00001163|00000001874
14|PEST      |108|PILISSZÁNTÓ         |00001468|00000000|00000000|00001468|00000856|00000856|00000000|00000232|00000624|00000001868
14|PEST      |109|PILISSZENTIVÁN      |00002835|00000000|00000000|00002835|00001302|00001293|00000009|00000211|00001082|00000003423
14|PEST      |110|PILISSZENTKERESZT   |00001449|00000001|00000000|00001450|00000899|00000898|00000001|00000105|00000793|00000002261
14|PEST      |112|PILISVÖRÖSVÁR       |00009257|00000002|00000000|00009259|00004252|00004163|00000089|00000868|00003295|00000007662
14|PEST      |113|POMÁZ               |00009452|00000012|00000000|00009464|00003781|00003749|00000032|00001627|00002122|00000005059
14|PEST      |119|RÁCKEVE             |00006417|00000019|00000002|00006434|00002255|00002248|00000007|00000951|00001297|00000002552
14|PEST      |121|SOLYMÁR             |00005197|00000011|00000000|00005208|00002569|00002564|00000005|00000561|00002003|00000005944
14|PEST      |125|SZÁZHALOMBATTA      |00011804|00000014|00000000|00011818|00005036|00005019|00000017|00002203|00002816|00000005971
14|PEST      |126|SZENTENDRE          |00015639|00000011|00000003|00015647|00005757|00005695|00000062|00003035|00002660|00000005010
14|PEST      |130|SZIGETCSÉP          |00001736|00000002|00000000|00001738|00001066|00001062|00000004|00000265|00000797|00000001976
14|PEST      |131|SZIGETHALOM         |00007900|00000028|00000002|00007926|00002855|00002849|00000006|00001607|00001242|00000001723
14|PEST      |135|SZIGETÚJFALU        |00001593|00000000|00000000|00001593|00000915|00000913|00000002|00000106|00000807|00000003267
14|PEST      |138|SZŐD                |00002763|00000003|00000000|00002766|00001400|00001368|00000032|00000936|00000432|00000001066
14|PEST      |141|TAKSONY             |00004240|00000002|00000000|00004242|00001940|00001936|00000004|00000329|00001607|00000005206
14|PEST      |142|TATÁRSZENTGYÖRGY    |00001231|00000001|00000000|00001232|00000783|00000782|00000001|00000321|00000461|00000001017
14|PEST      |143|TÁBORFALVA          |00000000|00000000|00000000|00000000|00000000|00000000|00000000|00000000|00000000|00000000000
14|PEST      |148|TÁPIÓSZELE          |00004174|00000003|00000000|00004177|00002422|00002417|00000005|00000557|00001860|00000007019
14|PEST      |155|TÓALMÁS             |00000000|00000000|00000000|00000000|00000000|00000000|00000000|00000000|00000000|00000000000
14|PEST      |157|TÖKÖL               |00005496|00000008|00000000|00005504|00002633|00002623|00000010|00001021|00001602|00000005074
14|PEST      |158|TÖRÖKBÁLINT         |00007480|00000008|00000000|00007488|00003318|00003306|00000012|00000920|00002386|00000006205
14|PEST      |159|TÖRTEL              |00003503|00000002|00000000|00003505|00001683|00001681|00000002|00000794|00000887|00000002292
14|PEST      |167|VALKÓ               |00001695|00000001|00000000|00001696|00001173|00001172|00000001|00000438|00000734|00000002146
14|PEST      |177|VECSÉS              |00014703|00000007|00000001|00014709|00004761|00004733|00000028|00001357|00003376|00000008919
14|PEST      |179|VERŐCE              |00002182|00000002|00000000|00002184|00001343|00001335|00000008|00000598|00000737|00000001421
14|PEST      |180|VERSEG              |00001113|00000000|00000000|00001113|00000731|00000691|00000040|00000443|00000248|00000000667
14|PEST      |181|VISEGRÁD            |00001278|00000002|00000000|00001280|00000833|00000826|00000007|00000083|00000743|00000002795
14|PEST      |183|ZSÁMBÉK             |00002956|00000000|00000000|00002956|00001334|00001329|00000005|00000321|00001008|00000003196
15|SOMOGY    |003|BABÓCSA             |00001424|00000000|00000000|00001424|00000670|00000666|00000004|00000355|00000311|00000000921
15|SOMOGY    |019|BARCS               |00009344|00000000|00000000|00009344|00004399|00004380|00000019|00001477|00002903|00000006127
15|SOMOGY    |045|DARÁNY              |00000766|00000000|00000000|00000766|00000487|00000478|00000009|00000214|00000264|00000000373
15|SOMOGY    |053|FONÓ                |00000323|00000000|00000000|00000323|00000237|00000237|00000000|00000167|00000070|00000000086
15|SOMOGY    |079|ISTVÁNDI            |00000472|00000000|00000000|00000472|00000315|00000313|00000002|00000087|00000226|00000000529
15|SOMOGY    |091|KAPOSVÁR            |00055231|00000018|00000012|00055237|00018422|00018128|00000294|00010634|00007494|00000012765
15|SOMOGY    |103|KISBAJOM            |00000360|00000000|00000000|00000360|00000249|00000248|00000001|00000131|00000117|00000000205
15|SOMOGY    |112|KUTAS               |00001213|00000000|00000000|00001213|00000537|00000520|00000017|00000270|00000250|00000000502
15|SOMOGY    |114|LAKÓCSA             |00000497|00000001|00000000|00000498|00000365|00000364|00000001|00000126|00000238|00000000401
15|SOMOGY    |117|LENGYELTÓTI         |00002642|00000000|00000000|00002642|00001531|00001530|00000001|00000764|00000766|00000001636
15|SOMOGY    |122|MARCALI             |00010010|00000000|00000000|00010010|00003921|00003486|00000435|00001983|00001503|00000003056
15|SOMOGY    |130|ÖTVÖSKÓNYI          |00000675|00000003|00000000|00000678|00000503|00000500|00000003|00000096|00000404|00000000892
15|SOMOGY    |141|NIKLA               |00000646|00000000|00000000|00000646|00000420|00000420|00000000|00000099|00000321|00000000578
15|SOMOGY    |159|POTONY              |00000265|00000000|00000000|00000265|00000169|00000169|00000000|00000053|00000116|00000000215
15|SOMOGY    |190|SOMOGYSÁMSON        |00000632|00000000|00000000|00000632|00000324|00000052|00000272|00000008|00000044|00000000082
15|SOMOGY    |205|SZENNA              |00000520|00000000|00000000|00000520|00000391|00000391|00000000|00000135|00000256|00000000439
15|SOMOGY    |208|SZENTBORBÁS         |00000130|00000000|00000000|00000130|00000086|00000084|00000002|00000022|00000062|00000000106
15|SOMOGY    |210|SZENYÉR             |00000270|00000000|00000000|00000270|00000185|00000185|00000000|00000040|00000145|00000000313
15|SOMOGY    |219|TARANY              |00000970|00000000|00000000|00000970|00000476|00000474|00000002|00000130|00000344|00000000663
15|SOMOGY    |226|TÓTÚJFALU           |00000259|00000000|00000000|00000259|00000176|00000176|00000000|00000072|00000104|00000000182
16|SZABOLCS  |004|ARANYOSAPÁTI        |00001486|00000000|00000000|00001486|00000959|00000947|00000012|00000574|00000373|00000001044
16|SZABOLCS  |005|BAKTALÓRÁNTHÁZA     |00002588|00000008|00000001|00002595|00001962|00001959|00000003|00000512|00001447|00000004432
16|SZABOLCS  |011|BEREGDARÓC          |00000733|00000000|00000000|00000733|00000501|00000494|00000007|00000283|00000211|00000000441
16|SZABOLCS  |021|CSAHOLC             |00000350|00000000|00000000|00000350|00000261|00000261|00000000|00000147|00000114|00000000238
16|SZABOLCS  |025|CSENGER             |00004085|00000000|00000000|00004085|00001272|00001268|00000004|00000754|00000514|00000001439
16|SZABOLCS  |029|DEMECSER            |00003251|00000001|00000000|00003252|00002080|00002072|00000008|00000722|00001350|00000003601
16|SZABOLCS  |030|DOMBRÁD             |00003069|00000001|00000000|00003070|00001437|00000877|00000560|00000300|00000577|00000001437
16|SZABOLCS  |031|DÖGE                |00001522|00000000|00000000|00001522|00000937|00000929|00000008|00000461|00000468|00000001223
16|SZABOLCS  |033|EPERJESKE           |00000899|00000005|00000000|00000904|00000544|00000463|00000081|00000323|00000140|00000000231
16|SZABOLCS  |042|GÁVAVENCSELLŐ       |00003372|00000000|00000000|00003372|00001397|00001395|00000002|00000471|00000924|00000002139
16|SZABOLCS  |043|GELÉNES             |00000486|00000000|00000000|00000486|00000412|00000024|00000388|00000002|00000022|00000000041
16|SZABOLCS  |053|GYÜRE               |00000931|00000000|00000000|00000931|00000546|00000546|00000000|00000338|00000208|00000000500
16|SZABOLCS  |057|IBRÁNY              |00005021|00000005|00000000|00005026|00002891|00002880|00000011|00001258|00001622|00000004159
16|SZABOLCS  |059|JÁND                |00000743|00000001|00000000|00000744|00000478|00000478|00000000|00000214|00000264|00000000539
16|SZABOLCS  |065|KÁNTORJÁNOSI        |00001590|00000000|00000000|00001590|00000597|00000597|00000000|00000305|00000292|00000000765
16|SZABOLCS  |066|KEMECSE             |00003475|00000000|00000000|00003475|00001746|00001687|00000059|00000825|00000862|00000001780
16|SZABOLCS  |068|KÉKCSE              |00001187|00000001|00000000|00001188|00000803|00000803|00000000|00000289|00000514|00000001382
16|SZABOLCS  |077|KISVÁRDA            |00013475|00000001|00000000|00013476|00006313|00006281|00000032|00003633|00002648|00000004294
16|SZABOLCS  |078|KOCSORD             |00002299|00000001|00000000|00002300|00001173|00001154|00000019|00000687|00000467|00000001394
16|SZABOLCS  |091|MÁNDOK              |00003310|00000000|00000000|00003310|00001306|00001303|00000003|00000608|00000695|00000001329
16|SZABOLCS  |094|MÁTÉSZALKA          |00014316|00000002|00000000|00014318|00005077|00004971|00000106|00002395|00002576|00000005396
16|SZABOLCS  |096|MEZŐLADÁNY          |00000774|00000000|00000000|00000774|00000547|00000547|00000000|00000246|00000301|00000000456
16|SZABOLCS  |103|NAGYECSED           |00005314|00000000|00000000|00005314|00002510|00002489|00000021|00001217|00001272|00000002845
16|SZABOLCS  |106|NAGYKÁLLÓ           |00007400|00000006|00000000|00007406|00002824|00002814|00000010|00001460|00001354|00000001857
16|SZABOLCS  |109|NAPKOR              |00002628|00000000|00000000|00002628|00001014|00001014|00000000|00000611|00000403|00000000888
16|SZABOLCS  |112|NYÍRBÁTOR           |00009999|00000005|00000000|00010004|00003829|00003795|00000034|00001854|00001941|00000004296
16|SZABOLCS  |113|NYÍRBÉLTEK          |00002129|00000001|00000000|00002130|00001112|00001106|00000006|00000571|00000535|00000001357
16|SZABOLCS  |116|NYÍRCSAHOLY         |00001727|00000001|00000000|00001728|00000789|00000781|00000008|00000485|00000296|00000000555
16|SZABOLCS  |119|NYÍREGYHÁZA         |00087169|00000047|00000000|00087216|00024022|00022786|00001236|00013857|00008929|00000019129
16|SZABOLCS  |128|NYÍRLUGOS           |00002312|00000000|00000000|00002312|00001721|00001721|00000000|00000446|00001275|00000003193
16|SZABOLCS  |129|NYÍRMADA            |00003333|00000000|00000000|00003333|00001821|00001813|00000008|00000723|00001090|00000003209
16|SZABOLCS  |140|OLCSVA              |00000584|00000000|00000000|00000584|00000407|00000406|00000001|00000136|00000270|00000000461
16|SZABOLCS  |144|ÖKÖRITÓFÜLPÖS       |00001488|00000000|00000000|00001488|00000810|00000780|00000030|00000363|00000417|00000001334
16|SZABOLCS  |160|RAKAMAZ             |00004044|00000000|00000000|00004044|00000910|00000337|00000573|00000062|00000275|00000000645
16|SZABOLCS  |161|RAMOCSAHÁZA         |00001129|00000000|00000000|00001129|00000610|00000609|00000001|00000382|00000227|00000000604
16|SZABOLCS  |163|RÉTKÖZBERENCS       |00000776|00000001|00000000|00000777|00000467|00000466|00000001|00000317|00000149|00000000270
16|SZABOLCS  |179|SZATMÁRCSEKE        |00001168|00000000|00000000|00001168|00000883|00000877|00000006|00000399|00000478|00000001319
16|SZABOLCS  |181|TARPA               |00001888|00000000|00000000|00001888|00001044|00001039|00000005|00000616|00000423|00000000954
16|SZABOLCS  |191|TISZADADA           |00001923|00000001|00000000|00001924|00000937|00000276|00000661|00000133|00000143|00000000419
16|SZABOLCS  |192|TISZADOB            |00002347|00000003|00000000|00002350|00001293|00001285|00000008|00000589|00000696|00000002407
16|SZABOLCS  |194|TISZAKANYÁR         |00001222|00000001|00000000|00001223|00000563|00000553|00000010|00000327|00000226|00000000633
16|SZABOLCS  |198|TISZAMOGYORÓS       |00000588|00000000|00000000|00000588|00000421|00000421|00000000|00000133|00000288|00000000586
16|SZABOLCS  |202|TISZASZENTMÁRTON    |00000965|00000000|00000000|00000965|00000474|00000474|00000000|00000261|00000213|00000000726
16|SZABOLCS  |206|TISZTABEREK         |00000521|00000000|00000000|00000521|00000360|00000360|00000000|00000052|00000308|00000000728
16|SZABOLCS  |208|TORNYOSPÁLCA        |00002066|00000000|00000000|00002066|00001220|00001220|00000000|00000633|00000587|00000000950
16|SZABOLCS  |209|TUNYOGMATOLCS       |00002068|00000000|00000000|00002068|00001278|00001278|00000000|00000533|00000745|00000002052
16|SZABOLCS  |211|TÚRISTVÁNDI         |00000543|00000001|00000000|00000544|00000411|00000411|00000000|00000126|00000285|00000000612
16|SZABOLCS  |218|ÚJKENÉZ             |00000769|00000000|00000000|00000769|00000532|00000532|00000000|00000269|00000263|00000000412
16|SZABOLCS  |220|VASMEGYER           |00001136|00000001|00000000|00001137|00000534|00000532|00000002|00000246|00000286|00000000636
16|SZABOLCS  |224|VÁSÁROSNAMÉNY       |00007061|00000001|00000001|00007061|00003418|00003413|00000005|00002008|00001405|00000003510
17|TOLNA     |007|BÁTASZÉK            |00005520|00000000|00000000|00005520|00002457|00002315|00000142|00000916|00001399|00000003809
17|TOLNA     |011|BONYHÁD             |00011822|00000002|00000000|00011824|00005069|00004990|00000079|00000891|00004099|00000010992
17|TOLNA     |015|CSIBRÁK             |00000333|00000000|00000000|00000333|00000258|00000258|00000000|00000181|00000077|00000000109
17|TOLNA     |018|DECS                |00003237|00000000|00000000|00003237|00001398|00001398|00000000|00000680|00000718|00000001329
17|TOLNA     |020|DOMBÓVÁR            |00016991|00000001|00000000|00016992|00005417|00005313|00000104|00002982|00002331|00000003528
17|TOLNA     |033|GYÖNK               |00001811|00000000|00000000|00001811|00000876|00000865|00000011|00000200|00000665|00000002484
17|TOLNA     |035|GYÖRKÖNY            |00000852|00000001|00000000|00000853|00000473|00000473|00000000|00000018|00000455|00000001187
17|TOLNA     |036|GYULAJ              |00000788|00000003|00000000|00000791|00000534|00000533|00000001|00000113|00000420|00000000951
17|TOLNA     |038|HŐGYÉSZ             |00002584|00000002|00000000|00002586|00001338|00001314|00000024|00000216|00001098|00000003156
17|TOLNA     |055|KOPPÁNYSZÁNTÓ       |00000397|00000002|00000000|00000399|00000263|00000262|00000001|00000133|00000129|00000000174
17|TOLNA     |062|MEDINA              |00000696|00000000|00000000|00000696|00000443|00000442|00000001|00000120|00000322|00000000616
17|TOLNA     |069|NAGYDOROG           |00002247|00000000|00000000|00002247|00000914|00000909|00000005|00000620|00000289|00000000595
17|TOLNA     |070|NAGYKÓNYI           |00001116|00000000|00000000|00001116|00000705|00000704|00000001|00000429|00000275|00000000883
17|TOLNA     |076|NÉMETKÉR            |00001505|00000001|00000000|00001506|00000850|00000850|00000000|00000178|00000672|00000002437
17|TOLNA     |077|OZORA               |00001545|00000001|00000000|00001546|00001184|00001162|00000022|00000652|00000510|00000001290
17|TOLNA     |079|PAKS                |00015108|00000014|00000003|00015119|00006455|00006405|00000050|00003727|00002678|00000003915
17|TOLNA     |081|PINCEHELY           |00002025|00000002|00000000|00002127|00001174|00001164|00000010|00000510|00000654|00000001772
17|TOLNA     |089|SZAKADÁT            |00000342|00000000|00000000|00000342|00000227|00000227|00000000|00000032|00000195|00000000477
17|TOLNA     |092|SZÁLKA              |00000446|00000000|00000000|00000446|00000322|00000322|00000000|00000042|00000280|00000000553
17|TOLNA     |093|SZÁRAZD             |00000238|00000000|00000000|00000238|00000189|00000188|00000001|00000030|00000158|00000000315
17|TOLNA     |094|SZEDRES             |00001921|00000000|00000000|00001921|00000636|00000629|00000007|00000326|00000303|00000000968
17|TOLNA     |095|SZEKSZÁRD           |00028387|00000001|00000000|00028388|00010271|00008009|00002262|00002827|00005182|00000013926
17|TOLNA     |096|TAMÁSI              |00007930|00000000|00000000|00007930|00003072|00003059|00000013|00001508|00001551|00000002334
17|TOLNA     |098|TEVEL               |00001291|00000000|00000000|00001291|00000767|00000767|00000000|00000217|00000550|00000001918
17|TOLNA     |099|TOLNA               |00009612|00000002|00000000|00009614|00003689|00003659|00000030|00001184|00002475|00000005828
17|TOLNA     |103|VARSÁD              |00000396|00000000|00000000|00000396|00000307|00000305|00000002|00000050|00000255|00000000453
18|VAS       |002|ALSÓSZÖLNÖK         |00000344|00000000|00000000|00000344|00000207|00000206|00000001|00000043|00000163|00000000342
18|VAS       |005|APÁTISTVÁNFALVA     |00000346|00000000|00000000|00000346|00000256|00000254|00000002|00000018|00000236|00000000629
18|VAS       |020|CELLDÖMÖLK          |00009492|00000000|00000000|00009492|00004754|00004713|00000041|00002888|00001825|00000002748
18|VAS       |041|FELSŐCSATÁR         |00000367|00000000|00000000|00000367|00000251|00000251|00000000|00000012|00000239|00000000685
18|VAS       |071|JÁNOSHÁZA           |00002217|00000000|00000000|00002217|00001282|00001279|00000003|00000740|00000539|00000001302
18|VAS       |096|KŐSZEG              |00008791|00000002|00000000|00008793|00004217|00003079|00001138|00001274|00001805|00000004680
18|VAS       |120|NARDA               |00000439|00000000|00000000|00000439|00000327|00000324|00000003|00000018|00000306|00000000761
18|VAS       |134|ORFALU              |00000056|00000000|00000000|00000056|00000050|00000050|00000000|00000003|00000047|00000000141
18|VAS       |149|PORNÓAPÁTI          |00000306|00000000|00000000|00000306|00000193|00000193|00000000|00000016|00000177|00000000443
18|VAS       |162|RÖNÖK               |00000358|00000000|00000000|00000358|00000228|00000228|00000000|00000024|00000204|00000000539
18|VAS       |183|SZENTGOTTHÁRD       |00006599|00000000|00000000|00006599|00003371|00003365|00000006|00001090|00002275|00000007234
18|VAS       |184|SZENTPÉTERFA        |00000809|00000000|00000000|00000809|00000642|00000642|00000000|00000054|00000588|00000001480
18|VAS       |186|SZOMBATHELY         |00065514|00000007|00000000|00065521|00024742|00024252|00000490|00012560|00011692|00000023816
18|VAS       |201|VASKERESZTES        |00000269|00000000|00000000|00000269|00000216|00000215|00000001|00000011|00000204|00000000495
19|VESZPRÉM  |003|AJKA                |00025958|00000001|00000000|00025959|00009042|00009002|00000040|00003128|00005874|00000008936
19|VESZPRÉM  |041|BERHIDA             |00004102|00000002|00000000|00004104|00002121|00002111|00000010|00000897|00001214|00000003040
19|VESZPRÉM  |053|CSÓT                |00000848|00000000|00000000|00000848|00000635|00000631|00000004|00000173|00000458|00000000852
19|VESZPRÉM  |077|HÁRSKÚT             |00000472|00000000|00000000|00000472|00000322|00000321|00000001|00000070|00000251|00000000465
19|VESZPRÉM  |102|KISSZŐLŐS           |00000107|00000000|00000000|00000107|00000080|00000038|00000042|00000017|00000021|00000000049
19|VESZPRÉM  |136|NAGYTEVEL           |00000443|00000000|00000000|00000443|00000310|00000310|00000000|00000102|00000208|00000000326
19|VESZPRÉM  |137|NAGYVÁZSONY         |00001336|00000000|00000000|00001336|00000633|00000632|00000001|00000263|00000369|00000000732
19|VESZPRÉM  |158|PÁPA                |00025820|00000009|00000000|00025829|00011987|00011563|00000424|00006039|00005524|00000009423
19|VESZPRÉM  |162|PÁPATESZÉR          |00000942|00000000|00000000|00000942|00000603|00000603|00000000|00000350|00000253|00000000610
19|VESZPRÉM  |180|SÜMEG               |00005281|00000000|00000000|00005281|00002205|00002064|00000141|00001031|00001033|00000001737
19|VESZPRÉM  |194|TAPOLCA             |00013915|00000004|00000000|00013919|00006090|00006022|00000068|00003307|00002715|00000004262
19|VESZPRÉM  |205|VÁROSLŐD            |00001106|00000000|00000000|00001106|00000731|00000730|00000001|00000084|00000646|00000001633
19|VESZPRÉM  |206|VÁRPALOTA           |00020849|00000005|00000000|00020854|00008555|00008161|00000394|00004429|00003732|00000005881
19|VESZPRÉM  |208|VESZPRÉM            |00048063|00000022|00000000|00047945|00017195|00010248|00006947|00005038|00005210|00000011522
20|ZALA      |010|BAK                 |00001432|00000000|00000000|00001432|00000685|00000682|00000003|00000539|00000143|00000000249
20|ZALA      |054|FITYEHÁZ            |00000594|00000000|00000000|00000594|00000321|00000320|00000001|00000021|00000299|00000000859
20|ZALA      |111|LENTI               |00006798|00000003|00000000|00006801|00003453|00003447|00000006|00001324|00002123|00000005216
20|ZALA      |112|LETENYE             |00003664|00000002|00000000|00003666|00001903|00001550|00000353|00000949|00000601|00000001329
20|ZALA      |116|LISZÓ               |00000361|00000000|00000000|00000361|00000135|00000124|00000011|00000094|00000030|00000000047
20|ZALA      |129|MURAKERESZTÚR       |00001617|00000000|00000000|00001617|00000938|00000930|00000008|00000326|00000604|00000001596
20|ZALA      |134|NAGYKANIZSA         |00042676|00000004|00000000|00042680|00013052|00010346|00002706|00005896|00004450|00000006721
20|ZALA      |186|SEMJÉNHÁZA          |00000583|00000000|00000000|00000583|00000423|00000423|00000000|00000078|00000345|00000000620
20|ZALA      |200|SZEPETNEK           |00001269|00000000|00000000|00001269|00001043|00000590|00000453|00000211|00000379|00000001244
20|ZALA      |212|ÚJUDVAR             |00000756|00000001|00000000|00000757|00000392|00000392|00000000|00000236|00000156|00000000303
20|ZALA      |231|ZALAEGERSZEG        |00047714|00000001|00000000|00047715|00014711|00011499|00003212|00006744|00004755|00000009730
