01|BUDAPEST|001|BUDAPEST     I. ker.|25244|38|1|25281|4|14677|13551|-1126|7779|5772|16565
01|BUDAPEST|002|BUDAPEST     II. ker.|76698|61|0|76759|4|44673|39643|-5030|23548|16095|48294
01|BUDAPEST|003|BUDAPEST     III. ker.|109976|125|14|110087|6|53016|51774|-1242|29974|21584|58080
01|BUDAPEST|004|BUDAPEST     IV. ker.|84037|18|0|84055|2|31299|30380|-919|18203|12177|33928
01|BUDAPEST|005|BUDAPEST     V. ker.|30057|12|0|30069|0|15622|12102|-3520|7226|4876|14213
01|BUDAPEST|006|BUDAPEST     VI. ker.|40930|25|1|40954|4|17677|16996|-681|11050|5946|15734
01|BUDAPEST|007|BUDAPEST     VII. ker.|56669|58|1|56726|2|23068|21647|-1421|14818|6843|19870
01|BUDAPEST|008|BUDAPEST     VIII. ker.|66895|57|0|66952|9|24237|22565|-1672|14047|8518|23520
01|BUDAPEST|009|BUDAPEST     IX. ker.|54235|29|1|54263|6|22940|22048|-892|14313|7735|22534
01|BUDAPEST|010|BUDAPEST     X. ker.|67083|31|0|67114|4|25417|14742|-10675|8325|6417|16656
01|BUDAPEST|011|BUDAPEST     XI. ker.|120789|141|0|120930|2|62393|54589|-7804|35595|18994|61191
01|BUDAPEST|012|BUDAPEST     XII. ker.|55286|46|0|55332|13|31407|21706|-9701|10681|11025|33167
01|BUDAPEST|013|BUDAPEST     XIII. ker.|96155|54|1|96208|17|41123|36243|-4880|25264|10979|32870
01|BUDAPEST|014|BUDAPEST     XIV. ker.|103189|48|4|103233|10|48819|34003|-14816|20134|13869|41828
01|BUDAPEST|015|BUDAPEST     XV. ker.|71740|26|0|71766|0|28895|16601|-12294|9725|6876|18834
01|BUDAPEST|016|BUDAPEST     XVI. ker.|57746|44|1|57789|13|24927|24391|-536|14931|9460|23467
01|BUDAPEST|017|BUDAPEST     XVII. ker.|63049|36|0|63085|2|22494|19177|-3317|11955|7222|17583
01|BUDAPEST|018|BUDAPEST     XVIII. ker.|79456|20|0|79476|7|29245|22194|-7051|13047|9147|25760
01|BUDAPEST|019|BUDAPEST     XIX. ker.|54544|50|0|54594|15|22085|19120|-2965|13020|6100|14983
01|BUDAPEST|020|BUDAPEST     XX. ker.|54825|8|0|54833|0|19405|19174|-231|11461|7713|17535
01|BUDAPEST|021|BUDAPEST     XXI. ker.|67018|26|0|67044|11|22089|21949|-140|13062|8887|21126
01|BUDAPEST|022|BUDAPEST     XXII. ker.|42142|51|0|42193|8|19122|17425|-1697|9010|8415|20839
01|BUDAPEST|023|BUDAPEST     XXIII. ker.|16508|8|0|16516|21|8261|8210|-51|3352|4858|9351
02|BARANYA|001|ABALIGET|472|0|0|472|0|372|370|-2|106|264|545
02|BARANYA|002|ADORJÁS|152|0|0|152|0|132|132|0|76|56|89
02|BARANYA|011|BABARC|665|0|0|665|0|424|287|-137|65|222|544
02|BARANYA|012|BABARCSZÕLÕS|131|0|0|131|0|118|93|-25|41|52|105
02|BARANYA|020|BÁNFA|171|0|0|171|0|139|108|-31|30|78|116
02|BARANYA|021|BÁR|523|0|0|523|0|327|319|-8|73|246|510
02|BARANYA|016|BARANYAHIDVÉG|161|0|0|161|0|126|125|-1|101|24|35
02|BARANYA|023|BEREMEND|2270|0|0|2270|0|1211|1146|-65|271|875|2486
02|BARANYA|026|BEZEDEK|224|0|0|224|0|145|145|0|14|131|298
02|BARANYA|028|BIKAL|752|0|0|752|0|450|449|-1|50|399|882
02|BARANYA|034|BOGÁDMINDSZENT|325|0|0|325|0|248|248|0|76|172|350
02|BARANYA|035|BOGDÁSA|247|0|0|247|0|153|153|0|65|88|165
02|BARANYA|036|BOLDOGASSZONYFA|433|0|0|433|0|272|270|-2|61|209|410
02|BARANYA|040|BÓLY|2930|0|0|2930|0|1285|1284|-1|174|1110|4138
02|BARANYA|037|BORJÁD|353|0|0|353|0|220|220|0|52|168|433
02|BARANYA|051|DENCSHÁZA|486|0|0|486|1|299|298|-1|101|197|447
02|BARANYA|052|DINNYEBERKI|105|0|0|105|0|87|87|0|37|50|92
02|BARANYA|054|DRÁVACSEHI|192|0|0|192|0|144|144|0|46|98|156
02|BARANYA|058|DRÁVAKERESZTÚR|138|0|0|138|0|119|119|0|18|101|240
02|BARANYA|059|DRÁVAPALKONYA|234|0|0|234|0|154|154|0|95|59|142
02|BARANYA|061|DRÁVASZABOLCS|596|0|0|596|0|436|436|0|240|196|286
02|BARANYA|064|DUNASZEKCSÕ|1903|2|0|1905|0|738|721|-17|505|216|393
02|BARANYA|065|EGERÁG|759|0|0|759|0|469|468|-1|323|145|297
02|BARANYA|072|ERZSÉBET|280|0|0|280|0|240|240|0|132|108|156
02|BARANYA|073|FAZEKASBODA|189|0|0|189|0|163|163|0|16|147|369
02|BARANYA|074|FEKED|241|0|0|241|0|170|170|0|3|167|467
02|BARANYA|076|FELSÕSZENTMÁRTON|974|0|0|974|0|685|685|0|100|585|1533
02|BARANYA|078|GERDE|402|0|0|402|0|264|262|-2|70|192|490
02|BARANYA|080|GERÉNYES|201|0|0|201|0|133|133|0|65|68|135
02|BARANYA|079|GERESDLAK|835|0|0|835|0|441|441|0|26|415|895
02|BARANYA|081|GILVÁNFA|206|0|0|206|0|180|179|-1|14|165|421
02|BARANYA|082|GORDISA|203|0|0|203|0|156|156|0|39|117|154
02|BARANYA|086|GYÓD|407|0|0|407|0|206|206|0|21|185|507
02|BARANYA|088|GYÖNGYÖSMELLÉK|233|0|0|233|0|163|131|-32|87|44|86
02|BARANYA|090|HÁSSÁGY|256|0|0|256|0|170|170|0|14|156|342
02|BARANYA|092|HEGYSZENTMÁRTON|397|0|0|397|0|199|198|-1|113|85|170
02|BARANYA|094|HETVEHELY|415|0|0|415|0|283|283|0|49|234|543
02|BARANYA|095|HIDAS|1940|2|0|1942|0|915|883|-32|0|883|493
02|BARANYA|096|HIMESHÁZA|1007|0|0|1007|0|637|637|0|33|604|1415
02|BARANYA|101|HOSSZÚHETÉNY|2516|0|0|2516|0|772|771|-1|392|379|1011
02|BARANYA|106|IVÁNBATTYÁN|132|0|0|132|0|118|118|0|23|95|191
02|BARANYA|112|KÁSÁD|313|0|0|313|0|240|240|0|27|213|492
02|BARANYA|113|KÁTOLY|314|0|0|314|0|221|221|0|11|210|463
02|BARANYA|120|KISASSZONYFA|171|0|0|171|0|157|157|0|34|123|300
02|BARANYA|122|KISBUDMÉR|93|0|0|93|0|72|72|0|24|48|79
02|BARANYA|128|KISJAKABFALVA|149|0|0|149|0|125|125|0|28|97|248
02|BARANYA|129|KISKASSA|241|0|0|241|0|207|205|-2|84|121|195
02|BARANYA|132|KISSZENTMÁRTON|213|0|0|213|0|176|176|0|56|120|165
02|BARANYA|133|KISTAMÁSI|108|0|0|108|0|78|78|0|34|44|105
02|BARANYA|136|KISVASZAR|260|0|0|260|0|179|178|-1|81|97|173
02|BARANYA|137|KOMLÓ|22637|5|1|22641|2|7988|7962|-26|3393|4569|8583
02|BARANYA|140|KOZÁRMISLENY|2941|0|0|2941|0|1296|1295|-1|516|779|2667
02|BARANYA|143|KÖKÉNY|412|0|0|412|0|271|271|0|34|237|613
02|BARANYA|144|KÖLKED|869|1|0|870|0|643|643|0|351|292|625
02|BARANYA|145|KÕVÁGÓSZÕLÕS|987|0|0|987|0|619|617|-2|180|437|871
02|BARANYA|146|KÕVÁGÓTÕTTÕS|249|1|0|250|0|189|189|0|37|152|326
02|BARANYA|148|LÁNYCSÓK|2148|2|0|2150|0|1158|1136|-22|451|685|2066
02|BARANYA|149|LIGET|352|0|0|352|0|222|221|-1|150|71|138
02|BARANYA|150|LIPPÓ|501|0|0|501|0|288|287|-1|13|274|605
02|BARANYA|151|LIPTÓD|216|0|0|216|0|170|170|0|18|152|366
02|BARANYA|154|LÚZSOK|147|0|0|147|0|133|133|0|24|109|189
02|BARANYA|158|MAGYARLUKAFA|85|0|0|85|0|63|60|-3|37|23|63
02|BARANYA|159|MAGYARMECSKE|241|0|0|241|0|183|183|0|36|147|241
02|BARANYA|163|MAJS|926|0|0|926|0|369|68|-301|27|41|64
02|BARANYA|170|MÁNFA|659|1|0|660|0|470|470|0|84|386|849
02|BARANYA|171|MÁRFA|163|2|0|165|0|150|149|-1|54|95|165
02|BARANYA|173|MÁROK|446|0|0|446|0|311|311|0|13|298|722
02|BARANYA|168|MATTY|314|0|0|314|0|218|218|0|178|40|67
02|BARANYA|178|MERENYE|277|0|0|277|0|200|199|-1|171|28|38
02|BARANYA|181|MOHÁCS|15823|8|0|15831|0|6936|6698|-238|2278|4420|10131
02|BARANYA|185|NAGYBUDMÉR|189|0|0|189|0|162|156|-6|92|64|106
02|BARANYA|186|NAGYCSÁNY|123|0|0|123|0|106|106|0|51|55|113
02|BARANYA|187|NAGYDOBSZA|510|0|0|510|0|335|334|-1|73|261|536
02|BARANYA|191|NAGYNYÁRÁD|725|0|0|725|0|589|584|-5|147|437|923
02|BARANYA|192|NAGYPALL|357|0|0|357|0|201|201|0|15|186|506
02|BARANYA|197|NYUGOTSZENTERZSÉBET|164|0|0|164|0|131|67|-64|9|58|113
02|BARANYA|204|ÓBÁNYA|132|0|0|132|0|110|110|0|35|75|179
02|BARANYA|200|OLASZ|504|0|0|504|0|335|335|0|16|319|694
02|BARANYA|201|OLD|274|0|0|274|0|215|215|0|112|103|154
02|BARANYA|207|ÓZDFALU|137|0|0|137|0|122|122|0|34|88|160
02|BARANYA|211|PATAPOKLOSI|296|0|0|296|0|196|196|0|42|154|379
02|BARANYA|217|PÉCS|130666|30|0|130696|16|45618|38484|-7134|19977|18507|46474
02|BARANYA|220|PÉCSUDVARD|498|0|0|498|0|277|269|-8|44|225|457
02|BARANYA|221|PÉCSVÁRAD|3226|1|0|3227|0|1397|1124|-273|245|879|2735
02|BARANYA|216|PETTEND|107|0|0|107|0|104|104|0|61|43|58
02|BARANYA|222|PISKÓ|200|0|0|200|0|174|174|0|29|145|318
02|BARANYA|223|POGÁNY|746|0|0|746|0|397|397|0|71|326|601
02|BARANYA|225|RÁDFALVA|185|0|0|185|0|148|148|0|75|73|157
02|BARANYA|231|SÁSD|2941|0|0|2941|0|1589|1588|-1|659|929|2311
02|BARANYA|233|SELLYE|2568|0|0|2568|0|1315|1306|-9|406|900|2739
02|BARANYA|234|SIKLÓS|8358|0|0|8358|0|4076|3750|-326|1544|2206|3851
02|BARANYA|236|SIKLÓSNAGYFALU|263|3|0|266|0|205|201|-4|28|173|392
02|BARANYA|237|SOMBEREK|1502|0|0|1502|0|592|408|-184|21|387|1065
02|BARANYA|238|SOMOGYAPÁTI|355|0|0|355|0|274|274|0|42|232|360
02|BARANYA|243|SUMONY|350|0|0|350|0|263|200|-63|11|189|373
02|BARANYA|245|SZAJK|628|0|0|628|0|418|418|0|64|354|904
02|BARANYA|247|SZALÁNTA|886|1|0|887|0|503|502|-1|108|394|919
02|BARANYA|252|SZÁSZVÁR|2277|0|0|2277|1|1307|1302|-5|252|1050|2672
02|BARANYA|254|SZEDERKÉNY|1446|0|0|1446|0|815|814|-1|140|674|2397
02|BARANYA|262|SZÉKELYSZABAR|577|0|0|577|0|301|301|0|39|262|653
02|BARANYA|256|SZEMELY|333|1|0|334|0|242|242|0|65|177|413
02|BARANYA|261|SZENTLÕRINC|5476|0|0|5476|0|2266|2251|-15|1326|925|2168
02|BARANYA|263|SZIGETVÁR|9255|1|0|9256|0|3783|3757|-26|1983|1774|2541
02|BARANYA|268|SZÕKÉD|308|1|0|309|0|228|228|0|99|129|261
02|BARANYA|270|SZÛR|267|1|0|268|0|151|151|0|9|142|373
02|BARANYA|274|TÉKES|215|0|0|215|0|131|131|0|59|72|155
02|BARANYA|277|TORMÁS|279|0|0|279|0|233|233|0|127|106|214
02|BARANYA|282|UDVAR|156|0|0|156|0|95|95|0|1|94|209
02|BARANYA|283|ÚJPETRE|878|2|0|880|0|494|494|0|41|453|1046
02|BARANYA|287|VÁSÁROSBÉC|248|0|0|248|0|173|170|-3|94|76|145
02|BARANYA|291|VELÉNY|117|0|0|117|0|92|92|0|54|38|76
02|BARANYA|294|VÉMÉND|1407|1|0|1408|0|964|962|-2|196|766|3012
02|BARANYA|292|VERSEND|677|0|0|677|0|480|480|0|62|418|980
02|BARANYA|295|VILLÁNY|2191|0|0|2191|0|1266|1263|-3|232|1031|3451
02|BARANYA|296|VILLÁNYKÖVESD|293|0|0|293|0|227|226|-1|15|211|374
02|BARANYA|297|VOKÁNY|792|1|0|793|0|489|489|0|163|326|797
02|BARANYA|299|ZÁDOR|308|0|0|308|0|223|223|0|111|112|200
03|BÁCS|001|AKASZTÓ|2949|0|0|2949|0|1190|1169|-21|1100|69|149
03|BÁCS|007|BÁCSALMÁS|6364|5|0|6369|2|3272|3260|-12|1368|1892|4598
03|BÁCS|008|BÁCSBOKOD|2520|2|0|2522|0|1416|1415|-1|450|965|2852
03|BÁCS|010|BÁCSSZENTGYÖRGY|190|0|0|190|0|143|143|0|6|137|353
03|BÁCS|004|BAJA|30745|9|0|30754|1|11223|11127|-96|5069|6058|12236
03|BÁCS|006|BALOTASZÁLLÁS|1398|0|0|1398|0|564|560|-4|300|260|424
03|BÁCS|013|BÁTYA|1778|0|0|1778|0|1135|774|-361|235|539|1538
03|BÁCS|019|CSÁTALJA|1407|0|0|1407|0|749|748|-1|85|663|2304
03|BÁCS|020|CSÁVOLY|1713|0|0|1713|0|1191|1188|-3|450|738|1873
03|BÁCS|021|CSENGÕD|1883|1|0|1884|0|793|778|-15|670|108|248
03|BÁCS|022|CSIKÉRIA|793|0|0|793|0|327|326|-1|22|304|617
03|BÁCS|027|DUNAFALVA|930|0|0|930|0|603|599|-4|294|305|427
03|BÁCS|029|DUNASZENTBENEDEK|784|0|0|784|0|570|556|-14|264|292|391
03|BÁCS|031|DUNAVECSE|3243|0|0|3243|0|1154|1149|-5|653|496|861
03|BÁCS|032|DUSNOK|2684|0|0|2684|0|1529|1139|-390|253|886|2731
03|BÁCS|035|FAJSZ|1627|0|0|1627|0|797|404|-393|268|136|271
03|BÁCS|042|GARA|2070|2|0|2072|1|1170|990|-180|203|787|2827
03|BÁCS|049|HERCEGSZÁNTÓ|1996|0|0|1996|0|831|830|-1|277|553|1632
03|BÁCS|054|JÁNOSHALMA|8111|1|0|8112|0|3596|3551|-45|2300|1251|1763
03|BÁCS|056|KALOCSA|14491|2|0|14493|0|7137|3530|-3607|2048|1482|2277
03|BÁCS|058|KATYMÁR|1867|2|0|1869|0|1130|1129|-1|417|712|1921
03|BÁCS|059|KECEL|7201|0|0|7201|0|2965|2949|-16|817|2132|5991
03|BÁCS|060|KECSKEMÉT|84134|35|10|84159|6|27531|22897|-4634|14719|8178|17494
03|BÁCS|062|KEREKEGYHÁZA|4646|0|0|4646|0|1216|1208|-8|896|312|529
03|BÁCS|064|KISKÕRÖS|12170|0|0|12170|0|4545|4458|-87|1610|2848|5619
03|BÁCS|066|KISKUNHALAS|23736|17|0|23753|0|9945|9460|-485|4546|4914|8419
03|BÁCS|067|KISKUNMAJSA|9522|0|0|9522|0|4131|4105|-26|1686|2419|4327
03|BÁCS|071|KUNBAJA|1528|0|0|1528|0|1178|1175|-3|158|1017|3433
03|BÁCS|076|KUNSZENTMIKLÓS|6863|0|0|6863|0|3112|3044|-68|1812|1232|3043
03|BÁCS|078|LAJOSMIZSE|8908|2|0|8910|0|3532|3505|-27|2089|1416|1752
03|BÁCS|080|MADARAS|2571|1|0|2572|0|1652|1628|-24|1455|173|227
03|BÁCS|082|MÉLYKÚT|4811|0|0|4811|0|1918|1907|-11|1057|850|2476
03|BÁCS|083|MISKE|1526|0|0|1526|0|812|384|-428|9|375|773
03|BÁCS|096|SOLT|5762|0|0|5762|0|2234|2229|-5|1071|1158|1557
03|BÁCS|099|SÜKÖSD|3244|0|0|3244|0|1067|1065|-2|465|600|1283
03|BÁCS|100|SZABADSZÁLLÁS|5232|0|0|5232|0|1871|1846|-25|1283|563|1256
03|BÁCS|102|SZALKSZENTMÁRTON|2327|1|0|2328|0|1015|1014|-1|767|247|354
03|BÁCS|116|VASKÚT|2963|0|0|2963|0|1329|1239|-90|195|1044|3056
04|BÉKÉS|001|ALMÁSKAMARÁS|910|0|0|910|0|479|479|0|27|452|988
04|BÉKÉS|002|BATTONYA|5360|0|0|5360|0|1932|1927|-5|809|1118|3080
04|BÉKÉS|003|BÉKÉS|17481|1|0|17482|0|7352|7268|-84|4551|2717|3860
04|BÉKÉS|004|BÉKÉSCSABA|53675|9|2|53682|3|19352|18786|-566|9478|9308|20211
04|BÉKÉS|011|CSABASZABADI|364|0|0|364|0|292|289|-3|26|263|541
04|BÉKÉS|014|CSORVÁS|4732|1|0|4733|0|2096|2090|-6|901|1189|2430
04|BÉKÉS|016|DOBOZ|3672|0|0|3672|0|1292|1190|-102|550|640|1257
04|BÉKÉS|020|ELEK|4215|2|2|4215|1|1903|1894|-9|670|1224|3828
04|BÉKÉS|021|FÜZESGYARMAT|5084|0|0|5084|0|2535|2532|-3|1285|1247|1789
04|BÉKÉS|022|GÁDOROS|3479|0|0|3479|0|1934|1924|-10|1029|895|2050
04|BÉKÉS|023|GERENDÁS|1366|0|0|1366|0|994|994|0|342|652|1634
04|BÉKÉS|024|GESZT|702|1|0|703|0|448|447|-1|124|323|575
04|BÉKÉS|025|GYOMAENDRÕD|12800|7|0|12807|0|3493|3469|-24|1817|1652|2672
04|BÉKÉS|026|GYULA|26915|12|0|26927|0|8791|8751|-40|4130|4621|10871
04|BÉKÉS|029|KARDOS|703|0|0|703|0|379|378|-1|32|346|791
04|BÉKÉS|034|KÉTEGYHÁZA|3448|0|0|3448|0|1903|1903|0|454|1449|5141
04|BÉKÉS|035|KÉTSOPRONY|1189|1|0|1190|0|588|588|0|46|542|2025
04|BÉKÉS|037|KONDOROS|5112|1|0|5113|0|2542|2530|-12|595|1935|4054
04|BÉKÉS|039|KÖRÖSNAGYHARSÁNY|621|0|0|621|0|467|465|-2|222|243|385
04|BÉKÉS|044|LÖKÖSHÁZA|1646|0|0|1646|0|955|954|-1|371|583|1083
04|BÉKÉS|048|MEDGYESEGYHÁZA|3504|1|0|3505|0|2061|2051|-10|620|1431|3048
04|BÉKÉS|053|MÉHKERÉK|1857|2|0|1859|0|1204|1198|-6|229|969|4402
04|BÉKÉS|049|MEZÕBERÉNY|8871|2|0|8873|0|3843|3825|-18|1470|2355|4882
04|BÉKÉS|050|MEZÕGYÁN|1117|0|0|1117|0|744|742|-2|254|488|1486
04|BÉKÉS|055|NAGYBÁNHEGYES|1371|0|0|1371|0|956|954|-2|156|798|2306
04|BÉKÉS|059|OROSHÁZA|26772|5|0|26777|0|11022|10873|-149|6189|4684|8506
04|BÉKÉS|060|ÖRMÉNYKÚT|463|0|0|463|0|321|319|-2|60|259|563
04|BÉKÉS|062|PUSZTAOTTLAKA|405|1|0|406|0|306|304|-2|78|226|445
04|BÉKÉS|063|SARKAD|8560|3|0|8563|0|3423|3033|-390|1340|1693|3491
04|BÉKÉS|066|SZARVAS|14873|1|0|14874|0|6517|6477|-40|2059|4418|10077
04|BÉKÉS|067|SZEGHALOM|8169|4|0|8173|0|3616|3595|-21|1467|2128|2529
04|BÉKÉS|069|TELEKGERENDÁS|1348|0|0|1348|0|829|827|-2|130|697|2330
04|BÉKÉS|070|TÓTKOMLÓS|5729|1|0|5730|0|2720|2714|-6|500|2214|7536
04|BÉKÉS|071|ÚJKÍGYÓS|4677|0|0|4677|0|1519|1464|-55|1023|441|1093
04|BÉKÉS|073|VÉGEGYHÁZA|1366|0|0|1366|0|861|858|-3|314|544|1982
04|BÉKÉS|074|VÉSZTÕ|6276|0|0|6276|0|2841|2806|-35|1658|1148|2892
05|BORSOD|004|ABAÚJSZÁNTÓ|2533|2|0|2535|0|1144|1142|-2|517|625|1461
05|BORSOD|006|ABAÚJVÁR|258|0|0|258|0|213|210|-3|118|92|104
05|BORSOD|014|ALSÓSZUHA|404|0|0|404|0|279|277|-2|107|170|280
05|BORSOD|016|ALSÓVADÁSZ|1092|0|0|1092|0|831|831|0|325|506|1769
05|BORSOD|017|ALSÓZSOLCA|4329|0|0|4329|0|2674|2668|-6|947|1721|5402
05|BORSOD|019|ARLÓ|2921|1|0|2922|0|1061|677|-384|263|414|1157
05|BORSOD|020|ARNÓT|1822|3|0|1825|0|1227|1214|-13|515|699|2497
05|BORSOD|022|ÁROKTÕ|952|0|0|952|0|608|606|-2|35|571|3141
05|BORSOD|021|ASZALÓ|1418|0|0|1418|0|797|792|-5|500|292|762
05|BORSOD|023|BAKTAKÉK|589|0|0|589|0|473|466|-7|159|307|599
05|BORSOD|024|BALAJT|330|0|0|330|0|258|258|0|55|203|278
05|BORSOD|027|BÁNRÉVE|1183|0|0|1183|0|811|809|-2|447|362|960
05|BORSOD|030|BERET|196|0|0|196|0|155|154|-1|55|99|200
05|BORSOD|031|BERZÉK|697|0|0|697|0|512|512|0|166|346|613
05|BORSOD|036|BOGÁCS|1607|0|0|1607|0|776|495|-281|313|182|476
05|BORSOD|037|BOLDOGKÕÚJFALU|424|0|0|424|0|295|295|0|89|206|360
05|BORSOD|038|BOLDOGKÕVÁRALJA|828|1|0|829|0|660|659|-1|217|442|988
05|BORSOD|039|BOLDVA|1775|0|1|1774|0|1021|1017|-4|557|460|1195
05|BORSOD|040|BORSODBÓTA|728|0|0|728|0|445|445|0|163|282|552
05|BORSOD|043|BORSODNÁDASD|3020|0|0|3020|0|1812|1810|-2|429|1381|3233
05|BORSOD|045|BORSODSZIRÁK|868|1|0|869|0|567|563|-4|338|225|493
05|BORSOD|050|BÕCS|1972|0|0|1972|0|1381|1374|-7|601|773|2614
05|BORSOD|051|BÜKKARANYOS|962|0|0|962|0|689|685|-4|339|346|878
05|BORSOD|054|BÜKKSZENTKERESZT|1089|0|0|1089|0|833|828|-5|70|758|2350
05|BORSOD|057|CIGÁND|2526|0|0|2526|0|1512|1510|-2|434|1076|3601
05|BORSOD|058|CSENYÉTE|189|0|0|189|0|173|173|0|13|160|312
05|BORSOD|061|CSERNELY|854|1|0|855|0|387|387|0|134|253|537
05|BORSOD|064|CSOBÁD|562|0|0|562|0|476|473|-3|83|390|701
05|BORSOD|071|DOMAHÁZA|803|0|0|803|0|651|651|0|191|460|818
05|BORSOD|072|DÖVÉNY|251|0|0|251|0|215|158|-57|34|124|327
05|BORSOD|074|EDELÉNY|8456|5|0|8461|0|4532|4443|-89|2094|2349|4228
05|BORSOD|076|EMÕD|4297|1|1|4297|0|2055|2046|-9|1099|947|2326
05|BORSOD|077|ENCS|5200|0|0|5200|0|2740|2727|-13|1333|1394|3137
05|BORSOD|082|FÁJ|179|0|0|179|0|159|159|0|53|106|157
05|BORSOD|086|FELSÕKELECSÉNY|317|0|0|317|0|216|215|-1|32|183|320
05|BORSOD|088|FELSÕREGMEC|133|1|0|134|12|111|111|0|48|63|139
05|BORSOD|091|FELSÕZSOLCA|5395|2|0|5397|0|2628|2618|-10|1391|1227|2509
05|BORSOD|093|FONY|313|0|0|313|0|239|239|0|122|117|245
05|BORSOD|094|FORRÓ|1715|0|0|1715|0|1252|1248|-4|421|827|3463
05|BORSOD|095|FULÓKÉRCS|236|0|0|236|0|189|189|0|43|146|298
05|BORSOD|096|FÜZÉR|456|0|0|456|0|397|397|0|40|357|873
05|BORSOD|099|FÜZÉRRADVÁNY|310|1|0|311|0|239|239|0|50|189|387
05|BORSOD|108|GIRINCS|539|0|0|539|0|438|438|0|84|354|731
05|BORSOD|111|GÖNC|1781|1|0|1782|0|1105|1105|0|423|682|1762
05|BORSOD|112|GÖNCRUSZKA|576|0|0|576|0|336|334|-2|95|239|337
05|BORSOD|114|HALMAJ|1370|2|0|1372|0|898|897|-1|361|536|1415
05|BORSOD|116|HANGONY|1304|0|0|1304|0|603|601|-2|249|352|942
05|BORSOD|117|HARSÁNY|1570|1|0|1571|0|887|878|-9|491|387|571
05|BORSOD|122|HEJÕKERESZTÚR|838|3|0|841|0|503|502|-1|156|346|641
05|BORSOD|124|HEJÕPAPI|889|0|0|889|0|616|616|0|140|476|832
05|BORSOD|129|HERNÁDKAK|941|1|0|942|0|442|440|-2|285|155|289
05|BORSOD|130|HERNÁDKÉRCS|275|0|0|275|0|225|225|0|99|126|183
05|BORSOD|131|HERNÁDNÉMETI|2714|1|0|2715|0|1526|1523|-3|585|938|2228
05|BORSOD|132|HERNÁDPETRI|168|0|0|168|0|147|147|0|77|70|123
05|BORSOD|133|HERNÁDSZENTANDRÁS|295|0|0|295|0|245|245|0|80|165|280
05|BORSOD|134|HERNÁDSZURDOK|189|0|0|189|0|178|177|-1|79|98|178
05|BORSOD|135|HERNÁDVÉCSE|569|2|0|571|0|469|468|-1|44|424|893
05|BORSOD|139|HOLLÓHÁZA|927|0|0|927|0|691|691|0|143|548|854
05|BORSOD|140|HOMROGD|741|0|0|741|0|476|476|0|128|348|716
05|BORSOD|141|IGRICI|949|0|0|949|0|681|680|-1|299|381|887
05|BORSOD|143|INÁNCS|877|1|0|878|0|707|706|-1|146|560|895
05|BORSOD|147|JÁRDÁNHÁZA|1521|2|0|1523|0|874|874|0|235|639|1682
05|BORSOD|151|KAZINCBARCIKA|27575|6|11|27570|0|10384|10176|-208|6887|3068|5398
05|BORSOD|155|KÁZSMÁRK|682|0|0|682|0|424|423|-1|134|289|535
05|BORSOD|156|KELEMÉR|405|0|0|405|0|320|320|0|174|146|305
05|BORSOD|157|KENÉZLÕ|1116|0|0|1116|0|632|630|-2|236|394|1058
05|BORSOD|159|KESZNYÉTEN|1336|1|0|1337|0|934|931|-3|258|673|1208
05|BORSOD|162|KISCSÉCS|117|0|0|117|0|115|115|0|13|102|248
05|BORSOD|163|KISGYÕR|1219|0|0|1219|0|757|755|-2|426|329|867
05|BORSOD|164|KISHUTA|303|0|0|303|0|238|238|0|14|224|536
05|BORSOD|166|KISROZVÁGY|197|0|0|197|1|116|116|0|82|34|78
05|BORSOD|170|KOMLÓSKA|321|0|0|321|0|193|193|0|68|125|242
05|BORSOD|173|KOVÁCSVÁGÁS|465|0|0|465|0|357|357|0|127|230|539
05|BORSOD|174|KÖRÖM|739|0|0|739|0|554|553|-1|136|417|908
05|BORSOD|177|KURITYÁN|1330|0|0|1330|0|769|766|-3|404|362|679
05|BORSOD|179|LÁCACSÉKE|361|0|0|361|17|250|250|0|115|135|267
05|BORSOD|180|LÁDBESENYÕ|260|0|0|260|0|233|232|-1|9|223|577
05|BORSOD|182|LÉH|373|0|0|373|0|263|263|0|104|159|228
05|BORSOD|186|MARTONYI|397|1|1|397|0|292|292|0|84|208|416
05|BORSOD|190|MEGYASZÓ|1977|2|0|1979|0|1239|1236|-3|358|878|2793
05|BORSOD|198|MÉRA|1275|0|0|1275|0|791|788|-3|227|561|1251
05|BORSOD|192|MEZÕCSÁT|5131|0|0|5131|0|1841|1831|-10|1080|751|2130
05|BORSOD|194|MEZÕKÖVESD|14309|2|0|14311|0|6402|6326|-76|3927|2399|4205
05|BORSOD|197|MEZÕZOMBOR|1868|0|0|1868|0|946|936|-10|348|588|1290
05|BORSOD|200|MISKOLC|150013|67|2|150078|1|55343|50948|-4395|36170|14778|33991
05|BORSOD|203|MONOK|1453|0|0|1453|0|1007|1001|-6|377|624|1241
05|BORSOD|205|MÚCSONY|2700|0|0|2700|0|1596|1594|-2|617|977|2477
05|BORSOD|214|NOVAJIDRÁNY|1082|0|0|1082|0|674|674|0|128|546|1563
05|BORSOD|220|ONGA|3362|2|0|3364|0|2234|2229|-5|835|1394|3959
05|BORSOD|223|ÓNOD|1746|0|0|1746|0|910|908|-2|343|565|1674
05|BORSOD|224|ÓZD|33612|34|0|33646|0|12673|11540|-1133|5203|6337|15944
05|BORSOD|227|PÁCIN|1257|1|0|1258|0|760|758|-2|398|360|965
05|BORSOD|226|PARASZNYA|985|1|0|986|0|632|628|-4|358|270|641
05|BORSOD|230|PERE|283|0|0|283|0|239|238|-1|110|128|247
05|BORSOD|232|PERKUPA|705|0|0|705|0|509|509|0|123|386|922
05|BORSOD|233|PRÜGY|1829|0|0|1829|0|788|788|0|183|605|1522
05|BORSOD|235|PUSZTARADVÁNY|147|0|0|147|0|140|140|0|11|129|324
05|BORSOD|236|PUTNOK|5735|2|0|5737|0|3343|3335|-8|1529|1806|6025
05|BORSOD|238|RAGÁLY|557|0|0|557|0|370|370|0|134|236|547
05|BORSOD|239|RAKACA|603|0|0|603|0|490|489|-1|100|389|760
05|BORSOD|241|RÁSONYSÁPBERENCS|410|0|0|410|0|270|270|0|150|120|215
05|BORSOD|247|RUDABÁNYA|2400|1|0|2401|0|1326|1137|-189|306|831|2061
05|BORSOD|252|SAJÓHIDVÉG|726|0|0|726|0|474|474|0|208|266|576
05|BORSOD|253|SAJÓIVÁNKA|452|0|0|452|0|311|311|0|208|103|167
05|BORSOD|254|SAJÓKAZA|2350|2|0|2352|0|1156|1154|-2|632|522|1596
05|BORSOD|260|SAJÓNÉMETI|472|0|0|472|0|336|334|-2|90|244|514
05|BORSOD|266|SAJÓSZENTPÉTER|10409|1|0|10410|0|4483|4459|-24|2188|2271|3724
05|BORSOD|269|SAJÓVELEZD|694|0|0|694|0|434|432|-2|235|197|392
05|BORSOD|270|SÁLY|1469|0|0|1469|0|975|971|-4|489|482|1505
05|BORSOD|272|SÁROSPATAK|11388|3|0|11391|2|6361|6270|-91|3385|2885|4675
05|BORSOD|273|SÁTA|1116|0|0|1116|0|735|734|-1|357|377|945
05|BORSOD|274|SÁTORALJAÚJHELY|14228|12|0|14240|22|6628|6596|-32|3144|3452|7048
05|BORSOD|276|SEMJÉN|353|0|0|353|0|226|224|-2|103|121|242
05|BORSOD|277|SERÉNYFALVA|832|0|0|832|0|512|508|-4|138|370|649
05|BORSOD|282|SZALASZEND|849|0|0|849|0|441|440|-1|184|256|431
05|BORSOD|283|SZALONNA|792|0|0|792|0|547|544|-3|268|276|469
05|BORSOD|287|SZEMERE|289|0|0|289|0|222|222|0|42|180|387
05|BORSOD|288|SZENDRÕ|3141|0|0|3141|0|1672|1662|-10|1038|624|1958
05|BORSOD|289|SZENDRÕLÁD|1008|0|0|1008|0|715|711|-4|139|572|1608
05|BORSOD|292|SZERENCS|8303|4|0|8307|0|4468|4443|-25|2143|2300|4301
05|BORSOD|293|SZIKSZÓ|4656|1|0|4657|0|2683|2672|-11|1306|1366|3578
05|BORSOD|294|SZIN|528|0|0|528|0|367|367|0|63|304|603
05|BORSOD|297|SZOMOLYA|1416|1|0|1417|0|915|915|0|449|466|1203
05|BORSOD|298|SZÖGLIGET|752|2|0|754|0|497|497|0|123|374|561
05|BORSOD|304|TAKTAHARKÁNY|3111|1|0|3112|0|2081|2052|-29|862|1190|4019
05|BORSOD|305|TAKTAKENÉZ|853|0|0|853|0|507|505|-2|195|310|432
05|BORSOD|306|TAKTASZADA|1510|0|0|1510|0|1069|1064|-5|369|695|2097
05|BORSOD|310|TÁLLYA|1790|2|0|1792|0|847|847|0|481|366|1105
05|BORSOD|307|TARCAL|2554|1|0|2555|0|1367|1363|-4|25|1338|941
05|BORSOD|315|TISZACSERMELY|468|0|0|468|0|330|329|-1|226|103|207
05|BORSOD|320|TISZALÚC|4030|0|0|4030|0|1535|1535|0|615|920|2095
05|BORSOD|324|TISZAÚJVÁROS|13987|5|0|13992|0|7237|7093|-144|3648|3445|5084
05|BORSOD|327|TOLCSVA|1579|0|0|1579|0|1034|1032|-2|295|737|2298
05|BORSOD|343|VÁGÁSHUTA|94|0|0|94|0|79|79|0|3|76|170
05|BORSOD|339|VAJDÁCSKA|963|0|0|963|8|645|645|0|292|353|804
05|BORSOD|345|VILMÁNY|918|0|0|918|0|765|765|0|172|593|1807
05|BORSOD|347|VISS|650|0|0|650|0|365|364|-1|203|161|235
05|BORSOD|349|VIZSOLY|713|0|0|713|0|476|476|0|156|320|500
05|BORSOD|351|ZÁDORFALVA|385|0|0|385|0|282|250|-32|56|194|391
05|BORSOD|352|ZEMPLÉNAGÁRD|743|0|0|743|0|395|394|-1|143|251|384
06|CSONGRÁD|003|APÁTFALVA|2796|0|0|2796|0|1322|1321|-1|506|815|1711
06|CSONGRÁD|015|DESZK|2470|0|0|2470|0|1633|1626|-7|323|1303|5013
06|CSONGRÁD|024|HÓDMEZÕVÁSÁRHELY|38872|2|0|38874|0|17874|14739|-3135|8138|6601|10008
06|CSONGRÁD|026|KISTELEK|6274|2|0|6276|0|3088|3072|-16|1852|1220|2076
06|CSONGRÁD|031|MAGYARCSANÁD|1293|0|0|1293|0|639|637|-2|185|452|1555
06|CSONGRÁD|032|MAKÓ|21275|0|0|21275|0|8409|8346|-63|4394|3952|7774
06|CSONGRÁD|044|PITVAROS|1281|0|0|1281|0|860|851|-9|161|690|2288
06|CSONGRÁD|051|SZEGED|132046|12|1|132057|0|42509|40018|-2491|26640|13378|28588
06|CSONGRÁD|053|SZENTES|25436|5|0|25441|0|9610|9494|-116|5199|4295|7017
06|CSONGRÁD|057|ÚJSZENTIVÁN|1157|0|0|1157|0|420|418|-2|78|340|1177
07|FEJÉR|002|ADONY|2852|1|0|2853|0|1227|1227|0|262|965|2671
07|FEJÉR|006|BAKONYCSERNYE|2481|0|0|2481|0|1159|1132|-27|628|504|1375
07|FEJÉR|007|BAKONYKÚTI|100|0|0|100|0|88|87|-1|30|57|108
07|FEJÉR|008|BALINKA|760|1|0|761|0|465|465|0|115|350|658
07|FEJÉR|010|BARACSKA|1993|0|2|1991|0|922|919|-3|534|385|705
07|FEJÉR|011|BELOIANNISZ|890|1|0|891|0|669|668|-1|186|482|944
07|FEJÉR|013|BICSKE|8936|2|0|8938|0|3965|3663|-302|1934|1729|3230
07|FEJÉR|021|CSÓR|1219|0|0|1219|0|647|637|-10|450|187|295
07|FEJÉR|024|DUNAÚJVÁROS|44568|4|0|44572|7|16515|16186|-329|10583|5603|8016
07|FEJÉR|027|ERCSI|6250|3|0|6253|0|2523|2516|-7|1804|712|1806
07|FEJÉR|028|ETYEK|2629|5|0|2634|0|1235|1235|0|153|1082|3645
07|FEJÉR|032|GÁNT|457|0|0|457|0|284|284|0|32|252|606
07|FEJÉR|038|ISZTIMÉR|734|0|0|734|0|469|469|0|50|419|950
07|FEJÉR|042|KÁLOZ|1945|2|0|1947|0|962|949|-13|769|180|291
07|FEJÉR|054|MÁNY|1580|3|0|1583|0|774|773|-1|179|594|1908
07|FEJÉR|056|MEZÕFALVA|3716|0|0|3716|0|1420|1409|-11|370|1039|2430
07|FEJÉR|058|MEZÕSZENTGYÖRGY|1025|0|0|1025|0|593|593|0|258|335|633
07|FEJÉR|061|MÓR|11495|1|0|11496|0|5126|5103|-23|1502|3601|6420
07|FEJÉR|071|PERKÁTA|3086|0|0|3086|0|1278|1273|-5|579|694|900
07|FEJÉR|072|POLGÁRDI|4641|1|0|4642|0|1829|1823|-6|1156|667|993
07|FEJÉR|073|PUSZTASZABOLCS|4816|1|0|4817|0|1566|1534|-32|1137|397|602
07|FEJÉR|074|PUSZTAVÁM|1939|0|0|1939|0|1131|1127|-4|81|1046|4116
07|FEJÉR|077|SÁRBOGÁRD|10163|10|0|10173|0|3792|3583|-209|2406|1177|1355
07|FEJÉR|080|SÁRKERESZTÚR|1590|0|0|1590|0|692|692|0|449|243|572
07|FEJÉR|092|SZÁR|1339|1|0|1340|0|519|519|0|90|429|1239
07|FEJÉR|094|SZÉKESFEHÉRVÁR|84470|19|4|84485|2|35079|19524|-15555|11816|7708|16769
07|FEJÉR|098|ÚJBAROK|263|0|0|263|0|196|196|0|24|172|344
07|FEJÉR|104|VÉRTESACSA|1325|0|0|1325|0|596|596|0|118|478|1736
07|FEJÉR|105|VÉRTESBOGLÁR|779|0|0|779|0|523|523|0|43|480|1261
07|FEJÉR|106|ZÁMOLY|1623|2|0|1625|0|841|746|-95|675|71|97
08|GYÕR|004|ÁGFALVA|1441|0|0|1441|0|811|811|0|21|790|3011
08|GYÕR|011|BEZENYE|1262|1|0|1263|1|759|754|-5|62|692|1667
08|GYÕR|016|BÕNY|1685|1|0|1686|0|732|726|-6|421|305|487
08|GYÕR|024|CSORNA|8501|1|0|8502|1|4296|4241|-55|1781|2460|3942
08|GYÕR|046|FERTÕHOMOK|390|0|0|390|0|203|203|0|30|173|326
08|GYÕR|047|FERTÕRÁKOS|1747|0|0|1747|0|757|757|0|244|513|1684
08|GYÕR|054|GYÖMÖRE|1112|0|0|1112|0|394|394|0|360|34|81
08|GYÕR|055|GYÕR|103242|34|2|103274|572|46152|44548|-1604|32105|12443|24119
08|GYÕR|058|GYÕRSÁG|1085|0|0|1085|0|615|610|-5|526|84|137
08|GYÕR|072|IKRÉNY|1121|0|0|1121|0|688|684|-4|479|205|385
08|GYÕR|073|IVÁN|1083|0|0|1083|0|470|462|-8|341|121|327
08|GYÕR|074|JÁNOSSOMORJA|4651|0|0|4651|0|2384|2381|-3|387|1994|5711
08|GYÕR|077|KAPUVÁR|8822|4|0|8826|0|4098|3994|-104|2529|1465|2544
08|GYÕR|078|KIMLE|2170|0|0|2170|0|1241|1241|0|227|1014|3961
08|GYÕR|085|KÓPHÁZA|1459|0|0|1459|0|805|805|0|89|716|2223
08|GYÕR|087|LEVÉL|1265|0|2|1263|0|735|735|0|103|632|2084
08|GYÕR|091|MAGLÓCA|84|0|0|84|0|71|71|0|44|27|44
08|GYÕR|094|MÁRIAKÁLNOK|1138|0|0|1138|0|564|564|0|80|484|1621
08|GYÕR|099|MOSONMAGYARÓVÁR|24281|6|0|24287|0|10346|10320|-26|4468|5852|11604
08|GYÕR|115|PÁZMÁNDFALU|738|0|0|738|0|391|391|0|148|243|386
08|GYÕR|123|RAJKA|2057|0|0|2057|0|926|926|0|69|857|3055
08|GYÕR|138|RÉTALAP|406|0|0|406|0|251|250|-1|149|101|133
08|GYÕR|143|SOPRON|44011|14|0|44025|0|16421|15466|-955|5365|10101|18835
08|GYÕR|147|SZAKONY|442|0|0|442|0|204|203|-1|89|114|262
08|GYÕR|151|SZIL|1132|0|0|1132|0|620|607|-13|371|236|513
08|GYÕR|156|TÁRNOKRÉTI|185|0|0|185|0|159|156|-3|137|19|32
08|GYÕR|158|TÉT|3161|0|0|3161|0|1412|1394|-18|949|445|585
08|GYÕR|160|UND|310|1|0|311|0|137|137|0|4|133|327
08|GYÕR|170|VITNYÉD|1010|0|0|1010|0|680|676|-4|525|151|266
09|HAJDÚ|001|ÁLMOSD|1367|0|0|1367|0|438|437|-1|269|168|252
09|HAJDÚ|003|BAGAMÉR|1858|0|0|1858|0|924|923|-1|462|461|1170
09|HAJDÚ|005|BALMAZÚJVÁROS|14111|0|0|14111|0|6270|6241|-29|3067|3174|4140
09|HAJDÚ|007|BEDÕ|276|0|0|276|0|224|224|0|38|186|443
09|HAJDÚ|009|BERETTYÓÚJFALU|12693|0|0|12693|0|5405|5323|-82|2997|2326|3003
09|HAJDÚ|011|BIHARKERESZTES|3410|0|0|3410|0|1901|1888|-13|925|963|1827
09|HAJDÚ|012|BIHARNAGYBAJOM|2299|0|0|2299|0|1014|1011|-3|465|546|1604
09|HAJDÚ|013|BIHARTORDA|825|0|0|825|0|528|526|-2|246|280|414
09|HAJDÚ|015|BOJT|501|1|0|502|0|261|261|0|111|150|210
09|HAJDÚ|016|CSÖKMÕ|1716|1|0|1717|0|898|896|-2|526|370|597
09|HAJDÚ|017|DARVAS|562|0|0|562|0|328|328|0|73|255|418
09|HAJDÚ|018|DEBRECEN|165627|89|0|165716|12|60476|59223|-1253|46116|13107|26220
09|HAJDÚ|030|HAJDÚBÖSZÖRMÉNY|24520|5|0|24525|1|8391|8288|-103|4076|4212|6524
09|HAJDÚ|032|HAJDÚHADHÁZ|9006|7|0|9013|0|4348|4320|-28|1585|2735|5850
09|HAJDÚ|034|HAJDÚSÁMSON|6829|22|0|6851|0|2611|2606|-5|1101|1505|3547
09|HAJDÚ|035|HAJDÚSZOBOSZLÓ|19033|12|4|19041|0|7294|7016|-278|4270|2746|3489
09|HAJDÚ|036|HAJDÚSZOVÁT|2311|0|0|2311|0|1566|1558|-8|690|868|2673
09|HAJDÚ|037|HENCIDA|921|0|0|921|0|551|545|-6|406|139|201
09|HAJDÚ|039|HOSSZÚPÁLYI|3906|2|0|3908|0|1560|1557|-3|426|1131|2753
09|HAJDÚ|043|KOMÁDI|4987|2|0|4989|0|2046|2042|-4|987|1055|2460
09|HAJDÚ|044|KONYÁR|1704|0|0|1704|0|743|737|-6|551|186|359
09|HAJDÚ|045|KÖRÖSSZAKÁL|710|1|0|711|0|450|448|-2|95|353|745
09|HAJDÚ|046|KÖRÖSSZEGAPÁTI|871|1|0|872|0|628|628|0|81|547|1293
09|HAJDÚ|047|LÉTAVÉRTES|5286|0|0|5286|0|1985|1985|0|778|1207|2896
09|HAJDÚ|049|MEZÕPETERD|510|0|0|510|0|361|361|0|162|199|312
09|HAJDÚ|056|NÁDUDVAR|7019|0|0|7019|0|2391|2383|-8|1604|779|1569
09|HAJDÚ|055|NAGYRÁBÉ|1991|0|0|1991|0|539|539|0|213|326|884
09|HAJDÚ|059|NYÍRÁBRÁNY|2930|5|0|2935|0|1956|1951|-5|602|1349|2412
09|HAJDÚ|057|NYÍRACSÁD|3179|0|0|3179|0|1580|1578|-2|482|1096|2215
09|HAJDÚ|058|NYÍRADONY|5634|8|1|5641|0|3310|3305|-5|1273|2032|6158
09|HAJDÚ|061|POCSAJ|1985|3|0|1988|0|986|985|-1|543|442|1135
09|HAJDÚ|062|POLGÁR|6640|6|0|6646|0|3076|3067|-9|1543|1524|4565
09|HAJDÚ|063|PÜSPÖKLADÁNY|12611|1|1|12611|0|5114|4557|-557|2967|1590|2797
09|HAJDÚ|064|SÁP|768|0|0|768|0|560|551|-9|150|401|684
09|HAJDÚ|066|SÁRRÉTUDVARI|2510|0|0|2510|0|1304|1300|-4|544|756|1726
09|HAJDÚ|068|SZEREP|1148|0|0|1148|0|721|720|-1|444|276|492
09|HAJDÚ|072|TISZACSEGE|4064|0|0|4064|0|1168|1168|0|590|578|1165
09|HAJDÚ|077|ÚJSZENTMARGITA|1364|0|0|1364|0|754|754|0|281|473|1225
09|HAJDÚ|079|VÁMOSPÉRCS|4104|3|3|4104|0|2073|2066|-7|865|1201|2251
09|HAJDÚ|082|ZSÁKA|1422|0|0|1422|0|829|825|-4|273|552|1284
10|HEVES|002|ADÁCS|2324|1|0|2325|0|1633|1630|-3|1133|497|1260
10|HEVES|005|APC|2290|6|0|2296|0|1320|1309|-11|432|877|1360
10|HEVES|007|ÁTÁNY|1261|1|0|1262|0|745|745|0|194|551|1492
10|HEVES|008|BALATON|1062|0|0|1062|0|658|658|0|239|419|578
10|HEVES|012|BÉLAPÁTFALVA|2570|0|0|2570|0|1067|1062|-5|455|607|1459
10|HEVES|011|BESENYÕTELEK|2234|0|0|2234|0|828|823|-5|504|319|501
10|HEVES|014|BODONY|787|0|0|787|0|410|407|-3|232|175|321
10|HEVES|015|BOLDOG|2475|0|0|2475|0|1276|1273|-3|520|753|1930
10|HEVES|016|BÜKKSZENTERZSÉBET|1030|0|0|1030|0|581|580|-1|443|137|210
10|HEVES|017|BÜKKSZENTMÁRTON|320|0|0|320|0|217|217|0|38|179|430
10|HEVES|023|DORMÁND|762|0|0|762|0|380|376|-4|91|285|421
10|HEVES|025|EGER|47166|29|0|47195|2|18941|18585|-356|10890|7602|15047
10|HEVES|026|EGERBAKTA|1196|0|0|1196|0|438|435|-3|124|311|808
10|HEVES|030|EGERSZALÓK|1389|0|0|1389|0|791|788|-3|280|508|1486
10|HEVES|032|ERDÕKÖVESD|599|0|0|599|0|448|444|-4|210|234|305
10|HEVES|033|ERDÕTELEK|2667|0|0|2667|0|1210|1208|-2|358|850|1883
10|HEVES|034|ERK|639|1|0|640|0|506|506|0|162|344|593
10|HEVES|038|FÜZESABONY|6370|0|0|6370|0|2382|2371|-11|1386|985|1571
10|HEVES|039|GYÖNGYÖS|27777|8|0|27785|0|10537|10405|-132|6523|3882|5685
10|HEVES|041|GYÖNGYÖSOROSZI|1176|0|0|1176|0|731|723|-8|439|284|709
10|HEVES|042|GYÖNGYÖSPATA|2176|0|0|2176|0|621|471|-150|224|247|330
10|HEVES|045|HALMAJUGRA|906|2|0|908|0|682|681|-1|176|505|1074
10|HEVES|046|HATVAN|19235|9|0|19244|0|6980|6862|-118|4378|2484|3826
10|HEVES|048|HEVES|8974|5|0|8979|0|3315|3296|-19|1685|1611|2833
10|HEVES|049|HEVESARANYOS|577|0|0|577|0|442|441|-1|218|223|335
10|HEVES|052|ISTENMEZEJE|1675|0|0|1675|0|745|740|-5|335|405|605
10|HEVES|053|IVÁD|396|0|0|396|0|286|286|0|62|224|338
10|HEVES|055|KÁL|2792|0|0|2792|0|1351|1348|-3|580|768|1939
10|HEVES|056|KÁPOLNA|1186|2|0|1188|0|594|591|-3|230|361|977
10|HEVES|054|KARÁCSOND|2491|5|0|2496|0|1454|1448|-6|932|516|865
10|HEVES|057|KERECSEND|1503|1|0|1504|0|751|750|-1|283|467|1334
10|HEVES|059|KISKÖRE|2512|0|0|2512|0|1120|1117|-3|291|826|1680
10|HEVES|060|KISNÁNA|965|0|0|965|0|520|520|0|74|446|1036
10|HEVES|061|KOMPOLT|1651|0|0|1651|0|884|884|0|394|490|881
10|HEVES|062|KÖMLÕ|1446|0|0|1446|0|935|934|-1|386|548|866
10|HEVES|064|LUDAS|673|0|0|673|0|467|465|-2|200|265|568
10|HEVES|065|MAKLÁR|1898|0|0|1898|0|694|688|-6|436|252|515
10|HEVES|068|MÁTRADERECSKE|1917|0|0|1917|0|1104|1104|0|412|692|1701
10|HEVES|069|MÁTRASZENTIMRE|532|0|0|532|0|435|433|-2|38|395|672
10|HEVES|074|NAGYFÜGED|1306|1|0|1307|0|759|759|0|335|424|889
10|HEVES|083|PARÁD|1962|2|0|1964|0|1192|1192|0|434|758|1463
10|HEVES|086|PÉLY|1280|0|0|1280|0|400|397|-3|231|166|513
10|HEVES|087|PÉTERVÁSÁRA|1991|2|1|1992|0|1096|1092|-4|565|527|1212
10|HEVES|088|POROSZLÓ|2570|1|1|2570|0|1491|1488|-3|633|855|2402
10|HEVES|089|RECSK|2623|2|0|2625|0|1543|1534|-9|755|779|2564
10|HEVES|091|SARUD|1126|2|1|1127|0|591|587|-4|242|345|932
10|HEVES|092|SIROK|1873|0|0|1873|0|1022|1016|-6|415|601|1290
10|HEVES|093|SZAJLA|528|0|0|528|0|441|441|0|131|310|659
10|HEVES|097|SZÚCS|326|1|0|327|0|240|240|0|84|156|298
10|HEVES|099|TARNABOD|510|0|0|510|0|297|295|-2|83|212|397
10|HEVES|100|TARNALELESZ|1485|0|0|1485|0|743|743|0|378|365|946
10|HEVES|102|TARNAÖRS|1388|0|0|1388|0|760|757|-3|370|387|868
10|HEVES|105|TARNAZSADÁNY|1052|0|0|1052|0|624|624|0|228|396|1019
10|HEVES|107|TERPES|180|0|0|180|0|161|161|0|36|125|269
10|HEVES|108|TISZANÁNA|2063|0|0|2063|0|561|561|0|241|320|703
10|HEVES|109|TÓFALU|543|0|0|543|0|371|371|0|186|185|244
10|HEVES|113|VERPELÉT|3172|2|0|3174|0|1352|1329|-23|515|814|2217
11|JÁSZ|001|ABÁDSZALÓK|3926|0|0|3926|0|1700|1677|-23|816|861|1551
11|JÁSZ|002|ALATTYÁN|1588|1|1|1588|0|944|940|-4|546|394|790
11|JÁSZ|005|CIBAKHÁZA|3417|3|0|3420|0|1720|1716|-4|627|1089|2721
11|JÁSZ|008|CSÉPA|1562|0|0|1562|0|1079|1072|-7|348|724|1086
11|JÁSZ|011|JÁNOSHIDA|2174|0|0|2174|0|1287|1280|-7|563|717|1897
11|JÁSZ|013|JÁSZAPÁTI|7283|0|0|7283|0|3297|3284|-13|1460|1824|4343
11|JÁSZ|016|JÁSZBERÉNY|23535|6|0|23541|0|9107|4913|-4194|2442|2471|4708
11|JÁSZ|019|JÁSZFELSÕSZENTGYÖRGY|1406|0|0|1406|0|606|601|-5|330|271|409
11|JÁSZ|020|JÁSZFÉNYSZARU|4671|0|0|4671|0|1534|1517|-17|754|763|2198
11|JÁSZ|022|JÁSZJÁKÓHALMA|2404|1|0|2405|0|1235|1221|-14|553|668|1252
11|JÁSZ|023|JÁSZKISÉR|4611|2|0|4613|0|2078|2054|-24|859|1195|3098
11|JÁSZ|024|JÁSZLADÁNY|4652|0|0|4652|0|2442|2429|-13|1442|987|2539
11|JÁSZ|026|JÁSZTELEK|1275|0|0|1275|0|842|841|-1|240|601|1799
11|JÁSZ|027|KARCAG|17613|1|0|17614|11|6138|5261|-877|2626|2635|4798
11|JÁSZ|028|KENDERES|4124|0|0|4124|0|1884|1876|-8|1128|748|1937
11|JÁSZ|031|KISÚJSZÁLLÁS|10189|3|0|10192|0|4107|4051|-56|2420|1631|3385
11|JÁSZ|034|KUNHEGYES|6949|1|0|6950|0|2700|807|-1893|413|394|705
11|JÁSZ|035|KUNMADARAS|4532|1|0|4533|0|1764|1753|-11|755|998|2302
11|JÁSZ|036|KUNSZENTMÁRTON|8083|1|0|8084|0|4351|4313|-38|2078|2235|3250
11|JÁSZ|040|MEZÕTÚR|15886|2|1|15887|1|5328|5213|-115|603|4610|2626
11|JÁSZ|041|NAGYIVÁN|1023|0|0|1023|0|815|815|0|191|624|1500
11|JÁSZ|044|ÖCSÖD|3128|0|0|3128|0|1765|1495|-270|985|510|1266
11|JÁSZ|052|SZOLNOK|62696|15|0|62711|1|23513|22953|-560|14544|8409|17547
11|JÁSZ|053|TISZABÕ|1226|0|0|1226|4|864|861|-3|231|630|2206
11|JÁSZ|054|TISZABURA|1814|1|0|1815|0|1077|1077|0|498|579|1391
11|JÁSZ|055|TISZADERZS|1098|0|0|1098|0|615|612|-3|181|431|836
11|JÁSZ|056|TISZAFÖLDVÁR|9278|3|0|9281|0|3830|3775|-55|1781|1994|3154
11|JÁSZ|064|TISZAPÜSPÖKI|1581|1|0|1582|0|695|691|-4|256|435|1220
11|JÁSZ|065|TISZAROFF|1668|0|0|1668|0|865|302|-563|28|274|673
11|JÁSZ|067|TISZASÜLY|1506|2|0|1508|0|939|933|-6|555|378|621
11|JÁSZ|074|TÖRÖKSZENTMIKLÓS|18612|1|0|18613|0|6038|5885|-153|3695|2190|2645
11|JÁSZ|075|TÚRKEVE|8161|9|2|8168|0|3650|3629|-21|1887|1742|2048
11|JÁSZ|076|ÚJSZÁSZ|5393|0|0|5393|0|2813|2773|-40|661|2112|2223
11|JÁSZ|078|ZAGYVARÉKAS|2907|0|0|2907|0|1466|1462|-4|797|665|1307
12|KOMÁROM|006|BAJ|1991|0|0|1991|0|984|982|-2|93|889|2903
12|KOMÁROM|007|BAJNA|1609|0|0|1609|0|802|797|-5|613|184|284
12|KOMÁROM|008|BAJÓT|1159|0|0|1159|0|585|585|0|156|429|1216
12|KOMÁROM|023|DOROG|10015|14|0|10029|0|4710|4692|-18|1689|3003|7205
12|KOMÁROM|024|DÖMÖS|848|2|0|850|0|564|562|-2|135|427|838
12|KOMÁROM|026|DUNASZENTMIKLÓS|329|0|0|329|0|173|172|-1|9|163|434
12|KOMÁROM|028|ESZTERGOM|22795|19|0|22814|2|10702|10613|-89|5617|4996|9219
12|KOMÁROM|032|KECSKÉD|1488|0|0|1488|0|696|696|0|54|642|2651
12|KOMÁROM|034|KESZTÖLC|1926|1|0|1927|0|1046|1042|-4|86|956|3212
12|KOMÁROM|038|KOMÁROM|15918|8|0|15926|0|8004|7903|-101|4485|3418|4365
12|KOMÁROM|039|KÖMLÕD|765|0|0|765|0|467|467|0|372|95|120
12|KOMÁROM|041|LÁBATLAN|4382|0|0|4382|0|2310|2301|-9|929|1372|3460
12|KOMÁROM|042|LEÁNYVÁR|1329|0|0|1329|0|811|809|-2|167|642|2136
12|KOMÁROM|045|MOGYORÓSBÁNYA|687|0|0|687|0|495|495|0|43|452|1018
12|KOMÁROM|051|OROSZLÁNY|16123|3|0|16126|0|5901|5873|-28|2796|3077|6551
12|KOMÁROM|052|PILISCSÉV|1813|0|0|1813|0|771|767|-4|81|686|2205
12|KOMÁROM|055|SÁRISÁP|2281|0|0|2281|0|1167|1164|-3|112|1052|3172
12|KOMÁROM|057|SÜTTÕ|1634|0|0|1634|0|908|906|-2|126|780|2879
12|KOMÁROM|060|SZOMÓD|1552|0|0|1552|0|686|655|-31|428|227|391
12|KOMÁROM|059|SZOMOR|806|2|0|808|0|521|521|0|35|486|1246
12|KOMÁROM|061|TARDOS|1237|0|0|1237|0|619|617|-2|55|562|2232
12|KOMÁROM|066|TÁT|4312|0|0|4312|0|1718|1713|-5|209|1504|5693
12|KOMÁROM|063|TATA|19259|8|0|19267|1|8582|8555|-27|2684|5871|12638
12|KOMÁROM|064|TATABÁNYA|58335|8|0|58343|0|20423|20294|-129|11507|8783|18024
12|KOMÁROM|070|VÁRGESZTES|432|0|0|432|0|272|272|0|15|257|716
12|KOMÁROM|072|VÉRTESSOMLÓ|1026|0|0|1026|0|719|718|-1|73|645|1896
13|NÓGRÁD|001|ALSÓPETÉNY|560|0|0|560|0|369|369|0|209|160|0
13|NÓGRÁD|003|BALASSAGYARMAT|14388|5|0|14393|0|6614|6552|-62|3669|2883|3543
13|NÓGRÁD|005|BÁRNA|898|0|0|898|0|624|623|-1|216|407|907
13|NÓGRÁD|006|BÁTONYTERENYE|12250|1|0|12251|0|4213|4173|-40|1841|2332|3754
13|NÓGRÁD|009|BERKENYE|448|0|0|448|0|268|268|0|81|187|302
13|NÓGRÁD|012|BORSOSBERÉNY|779|2|0|781|0|518|516|-2|192|324|353
13|NÓGRÁD|013|BUJÁK|1869|0|0|1869|0|849|849|0|313|536|1223
13|NÓGRÁD|020|CSITÁR|403|0|0|403|0|242|240|-2|133|107|126
13|NÓGRÁD|028|EGYHÁZASGERGE|660|0|0|660|0|512|512|0|198|314|628
13|NÓGRÁD|029|ENDREFALVA|844|0|0|844|0|450|450|0|170|280|577
13|NÓGRÁD|030|ERDÕKÜRT|506|0|0|506|0|254|254|0|26|228|639
13|NÓGRÁD|031|ERDÕTARCSA|500|0|0|500|0|250|249|-1|197|52|77
13|NÓGRÁD|036|GALGAGUTA|624|0|0|624|0|401|401|0|72|329|665
13|NÓGRÁD|039|HÉHALOM|877|0|0|877|0|337|337|0|186|151|270
13|NÓGRÁD|043|HUGYAG|731|0|0|731|0|511|511|0|125|386|897
13|NÓGRÁD|045|IPOLYTARNÓC|422|0|0|422|0|326|321|-5|82|239|457
13|NÓGRÁD|047|JOBBÁGYI|1716|0|0|1716|0|926|922|-4|426|496|1031
13|NÓGRÁD|052|KARANCSSÁG|824|0|0|824|0|416|416|0|156|260|428
13|NÓGRÁD|053|KAZÁR|1714|0|0|1714|0|972|967|-5|426|541|1688
13|NÓGRÁD|064|LITKE|696|0|0|696|0|427|427|0|109|318|671
13|NÓGRÁD|065|LUCFALVA|712|0|0|712|0|476|474|-2|32|442|1040
13|NÓGRÁD|067|MAGYARGÉC|615|0|0|615|0|486|486|0|78|408|785
13|NÓGRÁD|070|MÁTRAMINDSZENT|816|0|0|816|0|458|457|-1|98|359|849
13|NÓGRÁD|072|MÁTRASZELE|823|0|0|823|0|478|478|0|153|325|497
13|NÓGRÁD|073|MÁTRASZÕLÕS|1340|4|0|1344|0|510|506|-4|297|209|450
13|NÓGRÁD|074|MÁTRATERENYE|1696|1|0|1697|0|1002|995|-7|428|567|1136
13|NÓGRÁD|075|MÁTRAVEREBÉLY|1706|2|0|1708|0|973|972|-1|411|561|1391
13|NÓGRÁD|076|MIHÁLYGERGE|609|0|0|609|0|433|431|-2|261|170|238
13|NÓGRÁD|077|MOHORA|737|0|0|737|0|553|553|0|162|391|767
13|NÓGRÁD|079|NAGYLÓC|1434|0|0|1434|0|850|847|-3|371|476|1092
13|NÓGRÁD|080|NAGYOROSZI|1656|0|0|1656|0|749|745|-4|337|408|616
13|NÓGRÁD|082|NÉZSA|934|1|0|935|0|562|545|-17|42|503|1081
13|NÓGRÁD|086|NÓGRÁDMEGYER|1324|3|0|1327|0|895|895|0|520|375|1086
13|NÓGRÁD|096|PÁSZTÓ|8124|0|0|8124|3|4233|4213|-20|232|3981|3023
13|NÓGRÁD|097|PILINY|527|1|0|528|0|373|373|0|90|283|648
13|NÓGRÁD|099|RÉTSÁG|2324|1|0|2325|0|1335|1333|-2|666|667|1479
13|NÓGRÁD|100|RIMÓC|1487|2|0|1489|0|695|694|-1|394|300|548
13|NÓGRÁD|103|SÁGÚJFALU|812|0|0|812|0|454|454|0|140|314|421
13|NÓGRÁD|102|SALGÓTARJÁN|37941|14|0|37955|9|15341|13859|-1482|9700|4159|7840
13|NÓGRÁD|104|SÁMSONHÁZA|253|0|0|253|0|192|192|0|37|155|379
13|NÓGRÁD|105|SÓSHARTYÁN|610|0|0|610|0|498|498|0|120|378|823
13|NÓGRÁD|106|SZALMATERCS|405|0|0|405|0|307|307|0|214|93|137
13|NÓGRÁD|109|SZÁTOK|353|0|0|353|0|219|219|0|142|77|178
13|NÓGRÁD|113|SZÉCSÉNY|5415|2|1|5416|1|2567|2545|-22|1099|1446|3643
13|NÓGRÁD|110|SZENDEHELY|1049|0|0|1049|0|764|763|-1|26|737|1818
13|NÓGRÁD|115|SZILASPOGONY|307|0|0|307|0|262|262|0|110|152|235
13|NÓGRÁD|116|SZIRÁK|910|0|0|910|0|564|563|-1|262|301|571
13|NÓGRÁD|117|SZUHA|650|1|0|651|0|503|501|-2|137|364|676
13|NÓGRÁD|119|SZÜGY|1121|0|0|1121|0|583|575|-8|155|420|1230
13|NÓGRÁD|122|TERÉNY|391|0|0|391|0|172|172|0|26|146|312
13|NÓGRÁD|121|TERESKE|586|2|0|588|0|413|412|-1|172|240|423
13|NÓGRÁD|124|VANYARC|1090|0|0|1090|0|387|386|-1|44|342|1290
13|NÓGRÁD|125|VARSÁNY|1421|0|0|1421|0|891|886|-5|309|577|1718
13|NÓGRÁD|126|VIZSLÁS|1158|0|0|1158|0|786|784|-2|387|397|621
14|PEST|001|ABONY|11722|2|0|11724|0|5037|5002|-35|2386|2616|4278
14|PEST|002|ACSA|1185|3|0|1188|0|574|572|-2|59|513|1737
14|PEST|003|ALBERTIRSA|8747|2|0|8749|0|3836|3799|-37|2644|1155|2079
14|PEST|008|BAG|3061|0|0|3061|0|1657|1645|-12|1039|606|1547
14|PEST|011|BIATORBÁGY|6177|3|0|6180|0|3104|3080|-24|1042|2038|5964
14|PEST|012|BUDAJENÕ|843|1|0|844|2|651|647|-4|146|501|1012
14|PEST|013|BUDAKALÁSZ|6898|3|0|6901|0|3105|3070|-35|1270|1800|5040
14|PEST|014|BUDAKESZI|9904|7|0|9911|3|4839|4791|-48|1647|3144|7578
14|PEST|015|BUDAÖRS|17884|11|0|17895|0|7969|7902|-67|3390|4512|10825
14|PEST|016|BUGYI|3940|0|0|3940|0|1367|744|-623|562|182|427
14|PEST|017|CEGLÉD|29837|4|0|29841|0|11632|11024|-608|7063|3961|6757
14|PEST|018|CEGLÉDBERCEL|3644|0|0|3644|0|1632|1631|-1|314|1317|4465
14|PEST|021|CSOBÁNKA|1866|1|0|1867|0|942|933|-9|361|572|1877
14|PEST|022|CSOMÁD|604|0|0|604|0|340|338|-2|60|278|600
14|PEST|025|DABAS|12029|8|4|12033|0|4718|4647|-71|3212|1435|1811
14|PEST|033|DUNAHARASZTI|13056|3|0|13059|0|4877|4860|-17|1878|2982|5159
14|PEST|034|DUNAKESZI|22939|17|1|22955|0|8083|7781|-302|4854|2927|5270
14|PEST|035|DUNAVARSÁNY|4272|2|0|4274|0|1880|1874|-6|761|1113|3167
14|PEST|038|ÉRD|41806|32|0|41838|1|14177|7359|-6818|3902|3457|7024
14|PEST|040|FELSÕPAKONY|2049|1|0|2050|0|1105|1066|-39|781|285|548
14|PEST|042|GALGAGYÖRK|803|0|0|803|0|374|374|0|36|338|846
14|PEST|047|GÖDÖLLÕ|23267|17|0|23284|2|11315|10552|-763|6271|4281|9760
14|PEST|048|GYÁL|15299|5|0|15304|0|4846|4728|-118|3310|1418|1831
14|PEST|049|GYÖMRÕ|10106|4|0|10110|0|4196|4130|-66|2792|1338|2434
14|PEST|050|HALÁSZTELEK|5456|10|0|5466|0|1905|1891|-14|768|1123|3103
14|PEST|051|HERCEGHALOM|993|2|0|995|0|619|619|0|0|619|866
14|PEST|054|IKLAD|1642|0|0|1642|0|798|797|-1|38|759|3029
14|PEST|058|ISASZEG|7463|1|0|7464|0|2873|2843|-30|1503|1340|3186
14|PEST|060|KAKUCS|1959|0|0|1959|0|1065|1058|-7|499|559|1240
14|PEST|064|KEREPES|6020|5|1|6024|0|2739|2697|-42|1398|1299|3015
14|PEST|065|KISKUNLACHÁZA|6436|4|0|6440|0|2877|2824|-53|1535|1289|2584
14|PEST|069|KISTARCSA|7357|2|0|7359|1|3151|3097|-54|1774|1323|1847
14|PEST|077|LÓRÉV|244|0|0|244|0|182|182|0|10|172|372
14|PEST|078|MAGLÓD|7032|9|0|7041|0|3096|3076|-20|735|2341|6326
14|PEST|085|MONOR|15771|4|0|15775|0|5152|5042|-110|3479|1563|2765
14|PEST|086|NAGYBÖRZSÖNY|656|1|0|657|0|486|486|0|84|402|1001
14|PEST|087|NAGYKÁTA|9742|1|0|9743|0|4268|4216|-52|2388|1828|2532
14|PEST|089|NAGYKÕRÖS|19845|10|0|19855|3|5817|5729|-88|4054|1675|2010
14|PEST|090|NAGYMAROS|3492|0|0|3492|0|1493|1463|-30|1096|367|767
14|PEST|091|NAGYTARCSA|2003|3|0|2006|0|1176|1160|-16|378|782|2864
14|PEST|095|ÖRKÉNY|3561|0|0|3561|0|2055|2006|-49|1133|873|2509
14|PEST|097|PÁND|1329|0|0|1329|0|671|671|0|452|219|573
14|PEST|100|PERBÁL|1527|0|0|1527|0|767|760|-7|268|492|1286
14|PEST|103|PÉTERI|1397|2|0|1399|0|525|520|-5|139|381|1041
14|PEST|104|PILIS|7648|6|0|7654|1|2925|2884|-41|2028|856|1237
14|PEST|105|PILISBOROSJENÕ|2235|5|0|2240|0|1306|1294|-12|327|967|3031
14|PEST|106|PILISCSABA|4072|7|0|4079|0|1901|1459|-442|389|1070|3346
14|PEST|109|PILISSZENTIVÁN|3061|3|0|3064|0|1639|1637|-2|84|1553|5225
14|PEST|110|PILISSZENTKERESZT|1545|0|0|1545|0|993|991|-2|89|902|3023
14|PEST|111|PILISSZENTLÁSZLÓ|707|1|0|708|0|457|455|-2|89|366|734
14|PEST|112|PILISVÖRÖSVÁR|9775|4|0|9779|0|4866|4857|-9|637|4220|7915
14|PEST|113|POMÁZ|10447|10|0|10457|1|4266|4227|-39|1766|2461|6040
14|PEST|117|PÜSPÖKHATVAN|1176|1|0|1177|0|602|602|0|101|501|2117
14|PEST|119|RÁCKEVE|6754|1|0|6755|0|2494|2483|-11|1563|920|2125
14|PEST|121|SOLYMÁR|6411|5|0|6416|1|3686|3667|-19|645|3022|10574
14|PEST|125|SZÁZHALOMBATTA|12774|2|0|12776|0|6340|6317|-23|3767|2550|4849
14|PEST|126|SZENTENDRE|17197|11|0|17208|0|7559|7511|-48|4209|3302|7144
14|PEST|128|SZENTMÁRTONKÁTA|3429|8|0|3437|0|1560|1547|-13|983|564|786
14|PEST|130|SZIGETCSÉP|1796|0|0|1796|0|686|686|0|291|395|1333
14|PEST|131|SZIGETHALOM|8861|10|4|8867|2|2854|2832|-22|1857|975|1420
14|PEST|133|SZIGETSZENTMÁRTON|1433|0|0|1433|0|600|600|0|65|535|2001
14|PEST|134|SZIGETSZENTMIKLÓS|17920|63|4|17979|1|6785|5268|-1517|2601|2667|4226
14|PEST|135|SZIGETÚJFALU|1655|0|0|1655|0|1032|1030|-2|97|933|3645
14|PEST|138|SZÕD|3108|5|0|3113|0|1329|1329|0|805|524|1028
14|PEST|141|TAKSONY|4461|1|0|4462|0|1457|1454|-3|227|1227|3769
14|PEST|144|TÁPIÓBICSKE|2444|0|0|2444|0|1319|1304|-15|713|591|915
14|PEST|145|TÁPIÓGYÖRGYE|2702|0|0|2702|0|1230|1220|-10|847|373|607
14|PEST|148|TÁPIÓSZELE|4366|11|0|4377|0|2805|2799|-6|849|1950|5839
14|PEST|157|TÖKÖL|6123|1|2|6122|1|2280|2275|-5|699|1576|6050
14|PEST|158|TÖRÖKBÁLINT|8092|31|0|8123|1|3804|3765|-39|1077|2688|5800
14|PEST|159|TÖRTEL|3473|1|0|3474|0|1639|1632|-7|754|878|2265
14|PEST|161|ÚJHARTYÁN|2207|0|0|2207|0|795|795|0|58|737|2747
14|PEST|169|VÁC|27778|8|0|27786|0|10366|9288|-1078|5585|3703|5207
14|PEST|176|VÁMOSMIKOLA|1317|0|0|1317|0|742|739|-3|382|357|780
14|PEST|177|VECSÉS|14950|9|0|14959|0|5119|5089|-30|1319|3770|10669
14|PEST|179|VERÕCE|2205|5|0|2210|0|1259|1256|-3|603|653|1566
14|PEST|180|VERSEG|1150|1|0|1151|0|815|805|-10|230|575|2062
14|PEST|181|VISEGRÁD|1302|3|0|1305|0|836|831|-5|104|727|2873
14|PEST|183|ZSÁMBÉK|3223|1|0|3224|0|1777|1765|-12|303|1462|4845
15|SOMOGY|004|BABÓCSA|1451|0|0|1451|0|1026|1021|-5|356|665|1664
15|SOMOGY|020|BARCS|9610|0|0|9610|0|3502|3490|-12|1198|2292|4675
15|SOMOGY|026|BELEG|486|0|0|486|0|316|315|-1|152|163|257
15|SOMOGY|030|BOLHÁS|438|0|0|438|0|261|261|0|34|227|418
15|SOMOGY|031|BOLHÓ|705|0|0|705|0|359|358|-1|176|182|324
15|SOMOGY|035|BUZSÁK|1294|0|0|1294|0|728|728|0|508|220|301
15|SOMOGY|039|CSOKONYAVISONTA|1364|0|0|1364|0|978|977|-1|341|636|1450
15|SOMOGY|042|CSÖKÖLY|827|0|0|827|0|382|375|-7|108|267|513
15|SOMOGY|044|CSURGÓ|4526|1|0|4527|0|2066|2052|-14|1354|698|1800
15|SOMOGY|046|DARÁNY|765|0|0|765|0|422|422|0|130|292|438
15|SOMOGY|048|DRÁVATAMÁSI|245|0|0|245|0|143|143|0|42|101|198
15|SOMOGY|061|GÖLLE|995|0|0|995|0|685|683|-2|540|143|201
15|SOMOGY|062|GÖRGETEG|894|4|0|898|0|531|529|-2|219|310|510
15|SOMOGY|067|HÁROMFA|694|0|0|694|0|332|332|0|213|119|253
15|SOMOGY|070|HERESZNYE|250|0|0|250|0|196|196|0|87|109|132
15|SOMOGY|072|HOLLÁD|266|3|0|269|0|181|180|-1|85|95|202
15|SOMOGY|076|IHAROS|437|0|0|437|0|253|253|0|105|148|231
15|SOMOGY|078|INKE|968|0|0|968|0|522|517|-5|234|283|491
15|SOMOGY|079|ISTVÁNDI|447|1|0|448|0|329|327|-2|75|252|517
15|SOMOGY|082|KADARKÚT|2160|0|0|2160|0|738|735|-3|266|469|919
15|SOMOGY|096|KÁLMÁNCSA|579|0|0|579|0|379|380|1|100|280|425
15|SOMOGY|083|KAPOLY|633|0|0|633|0|337|336|-1|193|143|206
15|SOMOGY|084|KAPOSFÕ|1366|1|0|1367|0|605|602|-3|129|473|1109
15|SOMOGY|089|KAPOSSZERDAHELY|752|0|0|752|0|298|296|-2|75|221|418
15|SOMOGY|091|KAPOSVÁR|55657|22|0|55679|21|21152|20781|-371|12259|8522|17220
15|SOMOGY|092|KARÁD|1516|0|0|1516|0|987|982|-5|458|524|939
15|SOMOGY|093|KASTÉLYOSDOMBÓ|240|0|0|240|0|102|102|0|23|79|99
15|SOMOGY|100|KERCSELIGET|351|0|0|351|0|230|227|-3|117|110|189
15|SOMOGY|102|KÉTHELY|1910|0|0|1910|0|1064|1058|-6|549|509|1241
15|SOMOGY|104|KISBAJOM|347|0|0|347|0|231|229|-2|110|119|207
15|SOMOGY|111|KÕKÚT|452|0|0|452|0|221|220|-1|39|181|369
15|SOMOGY|113|KUTAS|1227|0|0|1227|0|594|590|-4|270|320|977
15|SOMOGY|116|LÁBOD|1760|0|0|1760|0|762|757|-5|216|541|1437
15|SOMOGY|115|LAKÓCSA|487|0|0|487|0|305|304|-1|97|207|417
15|SOMOGY|117|LÁTRÁNY|1104|0|0|1104|0|661|653|-8|459|194|454
15|SOMOGY|123|MARCALI|10211|0|0|10211|0|3937|3306|-631|1777|1529|2164
15|SOMOGY|126|MEZÕCSOKONYA|972|0|0|972|0|600|592|-8|252|340|508
15|SOMOGY|127|MIKE|538|0|0|538|0|314|180|-134|9|171|332
15|SOMOGY|130|NAGYATÁD|10061|5|0|10066|1|5212|4996|-216|2906|2090|3036
15|SOMOGY|131|NAGYBAJOM|2530|0|0|2530|0|654|637|-17|185|452|803
15|SOMOGY|134|NAGYCSEPELY|360|0|0|360|0|243|243|0|119|124|140
15|SOMOGY|135|NAGYKORPÁD|484|0|0|484|0|365|363|-2|136|227|354
15|SOMOGY|141|NIKLA|602|0|0|602|0|358|357|-1|60|297|520
15|SOMOGY|146|ÖREGLAK|1347|0|0|1347|0|812|797|-15|419|378|715
15|SOMOGY|147|ÖTVÖSKÓNYI|681|0|0|681|0|421|421|0|196|225|399
15|SOMOGY|166|RINYASZENTKIRÁLY|340|0|0|340|0|249|250|1|100|150|312
15|SOMOGY|172|SEGESD|2145|0|0|2145|0|615|610|-5|354|256|571
15|SOMOGY|175|SIÓFOK|18972|23|0|18995|0|6844|6770|-74|2926|3844|4932
15|SOMOGY|178|SOMODOR|358|1|0|359|0|263|263|0|62|201|272
15|SOMOGY|180|SOMOGYARACS|155|0|0|155|0|96|96|0|13|83|156
15|SOMOGY|181|SOMOGYASZALÓ|620|0|0|620|0|364|358|-6|311|47|55
15|SOMOGY|188|SOMOGYGESZTI|435|0|0|435|0|326|318|-8|195|123|162
15|SOMOGY|191|SOMOGYSÁMSON|607|0|0|607|0|228|228|0|115|113|170
15|SOMOGY|196|SOMOGYSZOB|1429|1|0|1430|0|803|749|-54|280|469|1316
15|SOMOGY|200|SOMOGYVÁR|1429|0|0|1429|1|843|843|0|184|659|1596
15|SOMOGY|203|SZABÁS|447|0|0|447|0|269|266|-3|93|173|360
15|SOMOGY|206|SZENNA|525|0|0|525|0|352|351|-1|133|218|339
15|SOMOGY|211|SZENYÉR|255|0|0|255|0|157|155|-2|45|110|234
15|SOMOGY|217|SZULOK|624|0|0|624|0|285|285|0|31|254|653
15|SOMOGY|219|TAPSONY|781|0|0|781|0|490|488|-2|238|250|387
15|SOMOGY|220|TARANY|989|1|0|990|0|510|510|0|219|291|832
15|SOMOGY|223|TELEKI|178|0|0|178|0|101|101|0|52|49|86
15|SOMOGY|227|TÓTÚJFALU|239|0|0|239|0|213|213|0|14|199|416
15|SOMOGY|235|VIZVÁR|596|0|0|596|0|377|369|-8|182|187|292
15|SOMOGY|242|ZSELICKISFALUD|236|0|0|236|0|154|154|0|84|70|136
16|SZABOLCS|001|AJAK|3089|6|0|3095|0|1974|1969|-5|801|1168|1825
16|SZABOLCS|002|ANARCS|1437|0|0|1437|0|699|698|-1|494|204|268
16|SZABOLCS|004|ARANYOSAPÁTI|1489|1|0|1490|0|923|919|-4|517|402|1180
16|SZABOLCS|005|BAKTALÓRÁNTHÁZA|2666|2|1|2667|1|2230|2222|-8|333|1889|7036
16|SZABOLCS|017|BOTPALÁD|458|0|0|458|0|423|421|-2|281|140|252
16|SZABOLCS|018|BÖKÖNY|2518|0|0|2518|0|1237|1228|-9|341|887|1895
16|SZABOLCS|021|CSAHOLC|364|0|0|364|0|300|299|-1|73|226|486
16|SZABOLCS|024|CSEGÖLD|553|0|0|553|0|426|418|-8|227|191|343
16|SZABOLCS|025|CSENGER|4137|0|0|4137|0|2818|2816|-2|950|1866|5494
16|SZABOLCS|027|CSENGERÚJFALU|698|1|0|699|0|607|599|-8|174|425|874
16|SZABOLCS|029|DEMECSER|3324|0|0|3324|0|2242|2242|0|612|1630|4701
16|SZABOLCS|030|DOMBRÁD|3033|0|0|3033|0|1871|1864|-7|994|870|1943
16|SZABOLCS|031|DÖGE|1562|1|0|1563|0|1128|1128|0|311|817|2184
16|SZABOLCS|032|ENCSENCS|1419|0|0|1419|0|879|878|-1|496|382|1006
16|SZABOLCS|033|EPERJESKE|899|0|0|899|0|607|605|-2|299|306|672
16|SZABOLCS|034|ÉRPATAK|1381|1|0|1382|0|828|824|-4|272|552|967
16|SZABOLCS|040|GACSÁLY|575|0|0|575|0|449|448|-1|128|320|541
16|SZABOLCS|042|GÁVAVENCSELLÕ|3311|0|0|3311|0|1304|1302|-2|347|955|2973
16|SZABOLCS|044|GEMZSE|610|1|0|611|0|417|399|-18|159|240|426
16|SZABOLCS|048|GULÁCS|841|0|0|841|0|607|607|0|172|435|862
16|SZABOLCS|053|GYÜRE|959|0|0|959|0|664|664|0|255|409|1146
16|SZABOLCS|057|IBRÁNY|5118|0|0|5118|0|2241|2204|-37|587|1617|3575
16|SZABOLCS|059|JÁND|764|0|0|764|0|546|541|-5|165|376|778
16|SZABOLCS|065|KÁNTORJÁNOSI|1593|0|0|1593|0|933|931|-2|361|570|1712
16|SZABOLCS|067|KÉK|1504|2|0|1506|0|888|883|-5|380|503|1552
16|SZABOLCS|068|KÉKCSE|1210|0|0|1210|0|737|737|0|166|571|1485
16|SZABOLCS|066|KEMECSE|3587|1|0|3588|0|2267|2261|-6|878|1383|4251
16|SZABOLCS|073|KISNAMÉNY|299|0|0|299|0|251|251|0|150|101|206
16|SZABOLCS|074|KISPALÁD|365|0|0|365|0|334|333|-1|184|149|245
16|SZABOLCS|077|KISVÁRDA|13926|2|1|13927|0|7719|7665|-54|3722|3943|5798
16|SZABOLCS|078|KOCSORD|2332|0|0|2332|0|1157|1156|-1|466|690|2362
16|SZABOLCS|083|KÖMÖRÕ|484|0|0|484|0|348|348|0|123|225|396
16|SZABOLCS|091|MÁNDOK|3419|1|0|3420|0|1933|1928|-5|424|1504|2582
16|SZABOLCS|094|MÁTÉSZALKA|14858|2|0|14860|0|6143|6110|-33|2731|3379|6136
16|SZABOLCS|097|MÉHTELEK|619|0|0|619|0|467|467|0|146|321|713
16|SZABOLCS|098|MÉRK|1867|0|0|1867|0|983|980|-3|125|855|2313
16|SZABOLCS|096|MEZÕLADÁNY|759|0|0|759|0|475|473|-2|117|356|572
16|SZABOLCS|100|NAGYAR|539|0|0|539|0|419|418|-1|125|293|611
16|SZABOLCS|102|NAGYDOBOS|1615|0|0|1615|0|977|970|-7|414|556|1303
16|SZABOLCS|103|NAGYECSED|5376|0|0|5376|0|2457|2447|-10|602|1845|4093
16|SZABOLCS|104|NAGYHALÁSZ|4470|1|0|4471|0|2603|2598|-5|798|1800|2867
16|SZABOLCS|106|NAGYKÁLLÓ|7690|5|0|7695|0|4349|4107|-242|2014|2093|2917
16|SZABOLCS|109|NAPKOR|2735|0|0|2735|0|780|779|-1|322|457|1122
16|SZABOLCS|112|NYÍRBÁTOR|10273|3|0|10276|0|4442|3787|-655|1769|2018|4496
16|SZABOLCS|113|NYÍRBÉLTEK|2150|0|0|2150|0|1361|912|-449|467|445|1194
16|SZABOLCS|114|NYÍRBOGÁT|2524|1|0|2525|0|1907|1901|-6|975|926|1476
16|SZABOLCS|115|NYÍRBOGDÁNY|2219|0|0|2219|0|1146|1136|-10|311|825|1943
16|SZABOLCS|116|NYÍRCSAHOLY|1739|0|0|1739|0|946|946|0|429|517|1411
16|SZABOLCS|119|NYÍREGYHÁZA|91513|23|1|91535|6|35299|32727|-2572|21230|11496|24102
16|SZABOLCS|122|NYÍRIBRONY|914|0|0|914|0|696|696|0|259|437|716
16|SZABOLCS|125|NYÍRKÁTA|1255|0|0|1255|0|708|704|-4|354|350|757
16|SZABOLCS|128|NYÍRLUGOS|2312|0|0|2312|0|1371|1371|0|505|866|2580
16|SZABOLCS|129|NYÍRMADA|3424|0|0|3424|0|2146|2138|-8|924|1214|3132
16|SZABOLCS|131|NYÍRMIHÁLYDI|1341|2|0|1343|0|1043|1043|0|592|451|1378
16|SZABOLCS|132|NYÍRPARASZNYA|668|0|0|668|0|437|326|-111|199|127|180
16|SZABOLCS|134|NYÍRPILIS|424|2|0|426|0|284|282|-2|39|243|500
16|SZABOLCS|136|NYÍRTELEK|5381|0|0|5381|0|1978|1962|-16|1323|639|978
16|SZABOLCS|140|OLCSVA|575|0|0|575|0|308|307|-1|139|168|257
16|SZABOLCS|143|ÓPÁLYI|2153|1|0|2154|0|1325|1322|-3|470|852|2496
16|SZABOLCS|144|ÖKÖRITÓFÜLPÖS|1507|0|0|1507|0|990|988|-2|344|644|1729
16|SZABOLCS|150|PASZAB|909|0|0|909|0|602|599|-3|236|363|595
16|SZABOLCS|151|PÁTROHA|2173|0|1|2172|0|1063|1061|-2|406|655|1278
16|SZABOLCS|155|PETNEHÁZA|1433|2|0|1435|0|983|979|-4|189|790|1411
16|SZABOLCS|156|PIRICSE|1292|0|0|1292|0|996|995|-1|504|491|898
16|SZABOLCS|157|PORCSALMA|2073|0|0|2073|0|1234|1232|-2|433|799|1772
16|SZABOLCS|160|RAKAMAZ|4082|0|0|4082|0|1686|1158|-528|568|590|1357
16|SZABOLCS|161|RAMOCSAHÁZA|1165|0|0|1165|0|644|642|-2|299|343|1124
16|SZABOLCS|163|RÉTKÖZBERENCS|776|0|0|776|0|480|480|0|200|280|503
16|SZABOLCS|164|ROHOD|994|0|0|994|0|728|728|0|317|411|753
16|SZABOLCS|176|SZAMOSSZEG|1685|1|0|1686|0|901|900|-1|407|493|1334
16|SZABOLCS|179|SZATMÁRCSEKE|1161|0|0|1161|0|782|780|-2|189|591|1947
16|SZABOLCS|181|TARPA|1840|0|0|1840|0|1302|1297|-5|578|719|1438
16|SZABOLCS|188|TISZABERCEL|1551|0|0|1551|0|776|773|-3|501|272|431
16|SZABOLCS|189|TISZABEZDÉD|1470|0|0|1470|0|980|979|-1|260|719|2397
16|SZABOLCS|191|TISZADADA|1936|0|0|1936|0|951|447|-504|134|313|520
16|SZABOLCS|192|TISZADOB|2365|0|0|2365|0|1519|1490|-29|504|986|3472
16|SZABOLCS|198|TISZAMOGYORÓS|609|0|0|609|0|427|426|-1|133|293|528
16|SZABOLCS|200|TISZARÁD|359|2|0|361|19|284|284|0|68|216|475
16|SZABOLCS|202|TISZASZENTMÁRTON|956|0|0|956|0|655|654|-1|170|484|1589
16|SZABOLCS|204|TISZAVASVÁRI|10835|1|0|10836|0|4778|4644|-134|2326|2318|3671
16|SZABOLCS|206|TISZTABEREK|495|0|0|495|0|429|429|0|54|375|859
16|SZABOLCS|208|TORNYOSPÁLCA|2097|0|0|2097|0|1229|1228|-1|553|675|1516
16|SZABOLCS|209|TUNYOGMATOLCS|2066|0|0|2066|0|1363|1362|-1|541|821|2490
16|SZABOLCS|211|TÚRISTVÁNDI|563|0|0|563|0|464|464|0|133|331|571
16|SZABOLCS|210|TUZSÉR|2286|0|0|2286|0|1201|1201|0|526|675|1977
16|SZABOLCS|218|ÚJKENÉZ|791|0|0|791|0|542|537|-5|349|188|255
16|SZABOLCS|219|VAJA|2765|1|0|2766|0|2002|1997|-5|725|1272|2573
16|SZABOLCS|224|VÁSÁROSNAMÉNY|7119|0|0|7119|0|3788|3771|-17|1653|2118|4661
16|SZABOLCS|220|VASMEGYER|1150|0|0|1150|0|501|501|0|171|330|901
16|SZABOLCS|226|ZÁHONY|3667|1|1|3667|0|1993|1982|-11|1308|674|1225
17|TOLNA|005|BÁTA|1630|0|0|1630|0|980|976|-4|514|462|775
17|TOLNA|007|BÁTASZÉK|5615|0|0|5615|0|2537|2530|-7|1007|1523|4800
17|TOLNA|009|BIKÁCS|398|0|0|398|0|296|294|-2|214|80|102
17|TOLNA|010|BOGYISZLÓ|1902|0|0|1902|0|711|703|-8|455|248|727
17|TOLNA|011|BONYHÁD|11937|0|0|11937|0|5107|5077|-30|852|4225|9917
17|TOLNA|014|CIKÓ|825|0|0|825|0|398|397|-1|91|306|599
17|TOLNA|018|DECS|3364|0|0|3364|0|1629|1613|-16|585|1028|2836
17|TOLNA|020|DOMBÓVÁR|17169|0|0|17169|0|5922|5851|-71|1810|4041|6907
17|TOLNA|022|DUNAFÖLDVÁR|6926|0|0|6926|0|3134|3098|-36|2203|895|1150
17|TOLNA|027|FÁCÁNKERT|614|0|0|614|0|327|287|-40|190|97|126
17|TOLNA|031|GERJEN|1043|0|0|1043|0|714|714|0|198|516|1493
17|TOLNA|033|GYÖNK|1825|0|0|1825|0|962|961|-1|238|723|2283
17|TOLNA|035|GYÖRKÖNY|850|0|0|850|0|403|403|0|26|377|1021
17|TOLNA|036|GYULAJ|780|1|0|781|0|441|439|-2|137|302|624
17|TOLNA|038|HÕGYÉSZ|2559|0|0|2559|0|1228|1225|-3|247|978|3562
17|TOLNA|042|KAJDACS|1081|0|0|1081|0|554|554|0|197|357|714
17|TOLNA|043|KAKASD|1419|2|0|1421|0|905|902|-3|239|663|2548
17|TOLNA|047|KESZÕHIDEGKÚT|231|0|0|231|0|189|189|0|24|165|343
17|TOLNA|049|KISDOROG|718|0|0|718|0|397|395|-2|88|307|642
17|TOLNA|054|KOCSOLA|1112|0|0|1112|0|304|304|0|53|251|1038
17|TOLNA|056|KÖLESD|1264|0|0|1264|0|629|627|-2|394|233|303
17|TOLNA|059|LENGYEL|572|0|0|572|0|357|357|0|88|269|643
17|TOLNA|061|MAGYARKESZI|1076|0|0|1076|0|475|473|-2|273|200|383
17|TOLNA|062|MEDINA|681|0|0|681|0|445|446|1|54|392|669
17|TOLNA|064|MÓRÁGY|659|0|0|659|0|378|377|-1|62|315|640
17|TOLNA|069|NAGYDOROG|2269|0|0|2269|0|1226|1221|-5|536|685|1235
17|TOLNA|070|NAGYKÓNYI|1043|0|0|1043|0|634|634|0|406|228|482
17|TOLNA|071|NAGYMÁNYOK|2100|0|0|2100|0|1271|1271|0|105|1166|3591
17|TOLNA|073|NAGYSZOKOLY|806|2|0|808|0|492|490|-2|345|145|160
17|TOLNA|076|NÉMETKÉR|1493|0|0|1493|0|1001|1000|-1|260|740|2306
17|TOLNA|077|OZORA|1466|0|0|1466|0|864|861|-3|283|578|1996
17|TOLNA|079|PAKS|15910|6|0|15916|0|7419|7356|-63|3744|3612|7133
17|TOLNA|081|PINCEHELY|2137|4|0|2141|0|1046|1041|-5|393|648|1618
17|TOLNA|085|SÁRPILIS|516|0|0|516|0|361|358|-3|63|295|623
17|TOLNA|086|SÁRSZENTLÕRINC|873|0|0|873|0|458|456|-2|133|323|620
17|TOLNA|089|SZAKADÁT|328|0|0|328|0|266|266|0|22|244|607
17|TOLNA|090|SZAKÁLY|1247|0|0|1247|0|559|552|-7|453|99|206
17|TOLNA|091|SZAKCS|888|0|0|888|0|306|303|-3|104|199|399
17|TOLNA|092|SZÁLKA|453|0|0|453|0|231|231|0|26|205|413
17|TOLNA|093|SZÁRAZD|230|0|0|230|0|189|189|0|51|138|315
17|TOLNA|094|SZEDRES|1943|2|0|1945|0|1089|1082|-7|493|589|1356
17|TOLNA|095|SZEKSZÁRD|29120|3|2|29121|0|12547|12425|-122|6082|6343|13890
17|TOLNA|096|TAMÁSI|7914|2|0|7916|0|3212|3205|-7|1171|2034|5265
17|TOLNA|097|TENGELIC|2093|0|0|2093|0|908|904|-4|522|382|561
17|TOLNA|098|TEVEL|1306|0|0|1306|0|888|886|-2|149|737|2123
17|TOLNA|099|TOLNA|9766|1|0|9767|1|3933|3100|-833|1025|2075|3783
17|TOLNA|101|UDVARI|467|1|2|466|0|327|327|0|132|195|387
17|TOLNA|105|VÁRDOMB|928|0|0|928|0|594|594|0|40|554|1256
17|TOLNA|103|VARSÁD|376|0|0|376|0|303|302|-1|26|276|649
17|TOLNA|108|ZOMBA|1914|1|0|1915|0|1167|1162|-5|388|774|2260
18|VAS|002|ALSÓSZÖLNÖK|349|0|0|349|0|244|243|-1|21|222|581
18|VAS|005|APÁTISTVÁNFALVA|353|0|0|353|0|254|254|0|17|237|652
18|VAS|009|BÉRBALTAVÁR|477|0|0|477|0|253|253|0|125|128|252
18|VAS|018|BÜK|2407|3|0|2410|0|1406|1403|-3|567|836|1030
18|VAS|027|CSEPREG|2625|4|0|2629|0|1283|1283|0|344|939|2695
18|VAS|031|CSÖRÖTNEK|748|0|0|748|0|526|523|-3|286|237|510
18|VAS|044|FELSÕSZÖLNÖK|596|0|0|596|0|363|362|-1|41|321|782
18|VAS|052|GYÕRVÁR|574|0|0|574|0|184|184|0|79|105|159
18|VAS|071|JÁNOSHÁZA|2271|2|0|2273|0|1102|1097|-5|750|347|678
18|VAS|074|KÁLD|961|0|0|961|0|459|456|-3|419|37|50
18|VAS|088|KÉTVÖLGY|132|2|0|134|0|112|112|0|7|105|264
18|VAS|095|KÖRMEND|9752|2|0|9754|0|4356|4338|-18|2406|1932|3805
18|VAS|096|KÕSZEG|9077|3|0|9080|0|4802|4771|-31|1741|3030|4305
18|VAS|120|NARDA|441|0|0|441|0|304|304|0|60|244|511
18|VAS|134|ORFALU|51|0|0|51|0|43|43|0|0|43|124
18|VAS|156|RÁBAPATY|1332|0|0|1332|0|591|585|-6|515|70|120
18|VAS|162|RÖNÖK|368|3|0|371|0|250|250|0|36|214|462
18|VAS|167|SÁRVÁR|12683|1|0|12684|0|5807|5763|-44|3384|2379|2913
18|VAS|177|SZAKONYFALU|302|0|0|302|0|244|244|0|24|220|531
18|VAS|183|SZENTGOTTHÁRD|6781|3|0|6784|0|3897|3894|-3|1424|2470|6703
18|VAS|184|SZENTPÉTERFA|825|0|1|824|0|601|601|0|61|540|1279
18|VAS|186|SZOMBATHELY|66847|16|0|66863|1|28389|28241|-148|15917|12324|25775
18|VAS|194|TORONY|1240|0|0|1240|0|561|552|-9|293|259|744
18|VAS|203|VASSZENTMIHÁLY|317|1|0|318|0|225|225|0|2|223|382
18|VAS|206|VASVÁR|3714|3|0|3717|0|1968|1949|-19|1243|706|1010
18|VAS|212|VÉP|2696|0|0|2696|0|1199|1195|-4|690|505|1506
19|VESZPRÉM|003|AJKA|26572|0|0|26572|2|9648|9610|-38|4662|4948|9065
19|VESZPRÉM|012|BAKONYJÁKÓ|517|0|0|517|0|448|448|0|60|388|560
19|VESZPRÉM|013|BAKONYKOPPÁNY|217|0|0|217|0|119|119|0|10|109|280
19|VESZPRÉM|014|BAKONYNÁNA|761|0|0|761|0|411|411|0|24|387|921
19|VESZPRÉM|015|BAKONYOSZLOP|422|0|0|422|0|270|270|0|14|256|502
19|VESZPRÉM|017|BAKONYPÖLÖSKE|347|0|0|347|0|195|191|-4|159|32|61
19|VESZPRÉM|019|BAKONYSZENTIVÁN|217|0|0|217|0|157|157|0|65|92|225
19|VESZPRÉM|022|BAKONYSZÜCS|310|0|0|310|0|173|173|0|18|155|370
19|VESZPRÉM|026|BALATONCSICSÓ|141|0|0|141|0|114|114|0|21|93|227
19|VESZPRÉM|028|BALATONFÕKAJÁR|1142|2|0|1144|0|754|747|-7|356|391|473
19|VESZPRÉM|029|BALATONFÜRED|10792|6|0|10798|1|5187|5154|-33|2983|2171|3483
19|VESZPRÉM|040|BÁND|453|0|0|453|0|272|271|-1|19|252|646
19|VESZPRÉM|042|BÉB|189|0|0|189|0|151|151|0|11|140|352
19|VESZPRÉM|041|BERHIDA|4395|3|0|4398|0|1701|1693|-8|636|1057|3269
19|VESZPRÉM|053|CSÓT|851|0|0|851|0|628|628|0|342|286|569
19|VESZPRÉM|058|DEVECSER|4158|0|0|4158|0|1400|1397|-3|843|554|1583
19|VESZPRÉM|060|DÖBRÖNTE|206|0|0|206|0|155|155|0|48|107|220
19|VESZPRÉM|066|FARKASGYEPÛ|288|1|0|289|0|211|211|0|19|192|463
19|VESZPRÉM|068|FENYÕFÕ|131|0|0|131|0|100|100|0|10|90|209
19|VESZPRÉM|069|GANNA|261|0|0|261|0|199|199|0|14|185|420
19|VESZPRÉM|077|HÁRSKÚT|475|1|0|476|0|258|258|0|31|227|611
19|VESZPRÉM|080|HEREND|2565|0|0|2565|0|1122|1121|-1|96|1025|4043
19|VESZPRÉM|100|KISLÕD|1027|0|0|1027|0|564|564|0|65|499|1942
19|VESZPRÉM|102|KISSZÕLÕS|95|0|0|95|0|76|25|-51|5|20|31
19|VESZPRÉM|116|LÓKÚT|406|0|0|406|0|246|246|0|25|221|532
19|VESZPRÉM|115|LOVÁSZPATONA|1077|1|0|1078|0|803|800|-3|497|303|591
19|VESZPRÉM|118|MAGYARPOLÁNY|974|2|0|976|0|705|705|0|71|634|1474
19|VESZPRÉM|122|MÁRKÓ|830|1|0|831|0|612|612|0|76|536|1392
19|VESZPRÉM|133|NAGYESZTERGÁR|918|0|0|918|0|301|299|-2|91|208|468
19|VESZPRÉM|136|NAGYTEVEL|445|0|0|445|0|295|295|0|17|278|444
19|VESZPRÉM|137|NAGYVÁZSONY|1378|0|0|1378|0|598|595|-3|226|369|1009
19|VESZPRÉM|141|NEMESSZALÓK|783|0|0|783|0|501|497|-4|325|172|314
19|VESZPRÉM|144|NÉMETBÁNYA|74|0|0|74|0|69|69|0|6|63|139
19|VESZPRÉM|148|NYIRÁD|1504|0|0|1504|0|879|873|-6|480|393|649
19|VESZPRÉM|158|PÁPA|26364|3|0|26367|0|10212|9590|-622|4987|4603|8835
19|VESZPRÉM|160|PÁPAKOVÁCSI|494|0|0|494|0|264|264|0|58|206|476
19|VESZPRÉM|162|PÁPATESZÉR|926|0|0|926|0|439|432|-7|267|165|330
19|VESZPRÉM|164|PÉNZESGYÕR|295|0|0|295|0|217|217|0|15|202|433
19|VESZPRÉM|165|PÉTFÜRDÕ|4164|1|0|4165|0|1894|1862|-32|1155|707|997
19|VESZPRÉM|168|PUSZTAMISKE|321|0|0|321|0|226|226|0|114|112|182
19|VESZPRÉM|175|SIKÁTOR|274|0|0|274|0|166|125|-41|72|53|109
19|VESZPRÉM|181|SÜMEG|5447|0|0|5447|0|2581|2574|-7|1249|1325|2716
19|VESZPRÉM|186|SZENTGÁL|2122|3|0|2125|0|802|802|0|498|304|458
19|VESZPRÉM|189|SZENTKIRÁLYSZABADJA|1403|0|0|1403|0|778|776|-2|445|331|803
19|VESZPRÉM|195|TAPOLCA|14207|3|0|14210|0|5729|5674|-55|3546|2128|3962
19|VESZPRÉM|198|TÓTVÁZSONY|916|0|0|916|0|452|451|-1|38|413|956
19|VESZPRÉM|200|UGOD|1251|0|0|1251|0|652|647|-5|402|245|572
19|VESZPRÉM|203|ÚRKÚT|1772|0|0|1772|0|786|785|-1|54|731|2086
19|VESZPRÉM|207|VÁROSLÕD|1127|1|0|1128|0|669|669|0|191|478|1722
19|VESZPRÉM|208|VÁRPALOTA|17538|8|0|17546|1|7004|6811|-193|4197|2614|3929
19|VESZPRÉM|210|VESZPRÉM|48893|29|0|48922|0|20335|19467|-868|11386|8081|16271
19|VESZPRÉM|213|VESZPRÉMVARSÁNY|780|1|0|781|0|398|78|-320|30|48|73
19|VESZPRÉM|225|ZIRC|5841|4|0|5845|0|2667|2629|-38|523|2106|5234
20|ZALA|016|BÁNOKSZENTGYÖRGY|588|0|0|588|0|310|306|-4|215|91|116
20|ZALA|018|BECSEHELY|1810|0|0|1810|0|760|755|-5|467|288|546
20|ZALA|020|BELEZNA|734|0|0|734|0|471|151|-320|67|84|182
20|ZALA|023|BOCFÖLDE|790|1|0|791|0|380|376|-4|142|234|334
20|ZALA|024|BOCSKA|296|0|0|296|0|181|181|0|108|73|137
20|ZALA|027|BÓKAHÁZA|283|0|0|283|0|174|173|-1|93|80|148
20|ZALA|041|CSÖRNYEFÖLD|378|0|0|378|0|255|250|-5|201|49|83
20|ZALA|050|ESZTERGÁLYHORVÁTI|393|0|0|393|0|150|145|-5|106|39|58
20|ZALA|054|FITYEHÁZ|590|0|0|590|0|134|134|0|18|116|342
20|ZALA|055|FÜZVÖLGY|126|0|0|126|0|88|88|0|6|82|210
20|ZALA|056|GALAMBOK|940|0|0|940|0|484|484|0|224|260|696
20|ZALA|057|GARABONC|619|0|0|619|0|412|412|0|82|330|574
20|ZALA|060|GELSE|1002|1|0|1003|0|627|615|-12|424|191|272
20|ZALA|070|HAHÓT|1017|1|0|1018|0|553|544|-9|356|188|301
20|ZALA|073|HOMOKKOMÁROM|171|0|0|171|0|128|128|0|19|109|248
20|ZALA|093|KESZTHELY|17553|2|0|17555|1|6714|6600|-114|3850|2750|3791
20|ZALA|094|KILIMÁN|217|0|0|217|0|137|137|0|123|14|16
20|ZALA|108|LASZTONYA|92|0|0|92|0|74|68|-6|41|27|46
20|ZALA|111|LENTI|6985|0|0|6985|1|3363|3346|-17|1517|1829|4135
20|ZALA|112|LETENYE|3712|1|0|3713|0|1758|1562|-196|719|843|2231
20|ZALA|116|LISZÓ|355|0|0|355|0|138|125|-13|86|39|53
20|ZALA|117|LOVÁSZI|1078|0|0|1078|0|575|571|-4|350|221|339
20|ZALA|128|MOLNÁRI|661|0|0|661|0|397|397|0|46|351|973
20|ZALA|129|MURAKERESZTÚR|1656|0|0|1656|0|807|806|-1|156|650|2349
20|ZALA|131|MURASZEMENYE|518|0|0|518|0|343|343|0|243|100|128
20|ZALA|134|NAGYKANIZSA|43289|3|0|43292|5|14232|13138|-1094|7719|5419|11555
20|ZALA|139|NAGYRADA|471|0|0|471|0|329|327|-2|156|171|271
20|ZALA|150|NOVA|717|0|0|717|0|537|492|-45|213|279|537
20|ZALA|161|PAT|207|0|0|207|0|133|131|-2|84|47|106
20|ZALA|169|PÖLÖSKE|714|0|0|714|0|307|307|0|158|149|184
20|ZALA|175|PUSZTAMAGYARÓD|566|0|0|566|0|375|373|-2|275|98|166
20|ZALA|181|RIGYÁC|360|0|0|360|0|243|240|-3|143|97|146
20|ZALA|188|SORMÁS|743|0|0|743|0|438|437|-1|160|277|563
20|ZALA|189|SÖJTÖR|1302|1|0|1303|0|806|802|-4|528|274|393
20|ZALA|199|SZENTPÉTERÚR|769|0|0|769|0|415|412|-3|290|122|204
20|ZALA|200|SZEPETNEK|1298|0|0|1298|0|918|793|-125|249|544|1385
20|ZALA|209|TÓTSZENTMÁRTON|813|0|0|813|0|530|530|0|47|483|1278
20|ZALA|210|TÓTSZERDAHELY|1062|0|0|1062|0|736|736|0|99|637|2700
20|ZALA|211|TÜRJE|1490|0|0|1490|0|857|829|-28|509|320|642
20|ZALA|212|ÚJUDVAR|768|0|0|768|0|464|428|-36|223|205|343
20|ZALA|224|ZAJK|213|0|0|213|0|119|31|-88|4|27|42
20|ZALA|229|ZALACSÁNY|724|2|0|726|0|391|391|0|206|185|239
20|ZALA|231|ZALAEGERSZEG|49051|5|0|49056|1|17523|14809|-2714|10408|4401|9515
20|ZALA|235|ZALAKAROS|1197|2|0|1199|0|647|589|-58|269|320|725
20|ZALA|236|ZALAKOMÁR|2360|2|0|2362|0|857|856|-1|251|605|1000
20|ZALA|238|ZALALÖVÕ|2604|1|0|2605|0|1554|1541|-13|792|749|1668
20|ZALA|241|ZALASZABAR|513|0|0|513|0|329|327|-2|138|189|339
20|ZALA|244|ZALASZENTGRÓT|6433|0|0|6433|0|2832|2660|-172|1534|1126|2192
20|ZALA|255|ZALAVÁR|820|0|0|820|0|472|465|-7|308|157|214
