01|3|  1|MSZP                          | 262998| 24|  0|
01|3|  2|MUNKÁSPÁRT                    |   8155|  0|  0|
01|3|  3|CENTRUM                       |  17199|  0|  0|
01|3|  4|SZDSZ                         | 171244| 16|  0|
01|3|  5|FIDESZ-MDF-MKDSZ              | 230992| 21|  0|
01|3|  6|MIÉP                          |  48514|  5|  0|
02|1|  1|MUNKÁSPÁRT                    |   1521|  0|  0|
02|1|  2|POLG. KÖR. BAR.               |   2719|  0|  0|
02|1|  3|GAZDAKÖR EGERÁG               |    744|  0|  0|
02|1|  4|FÜGGETLEN KISGAZDAPÁRT        |   1202|  0|  0|
02|1|  5|MDF                           |   3731|  2|  0|
02|1|  6|FIDESZ-MKDSZ-KPE-FIDELITAS-GAZ|  20546|  8|  0|
02|1|  7|"LUNGO DROM"                  |   1181|  0|  0|
02|1|  8|MSZP                          |  35490| 15|  0|
02|1|  9|SVCÉSZ                        |    581|  0|  0|
02|1| 10|BNÖSZ                         |   3278|  0|  0|
02|1| 11|CKÖ BM SZÖV                   |   1910|  0|  0|
02|1| 12|SZDSZ                         |   4373|  2|  0|
02|1| 13|MIÉP                          |   1162|  0|  0|
02|1| 14|CIVILEK SZÖV.B.               |   4679|  2|  0|
02|2|  1|"LUNGO DROM"                  |    340|  0|  0|
02|2|  2|FIDESZ-MKDSZ-KPE-FIDELITAS-GAZ|   5428|  3|  0|
02|2|  3|MIÉP                          |    270|  0|  0|
02|2|  4|MSZP                          |  13032|  8|  0|
02|2|  5|CENTRUM                       |    195|  0|  0|
02|2|  6|MDF                           |    731|  0|  0|
02|2|  7|CKÖ BM SZÖV                   |    288|  0|  0|
02|2|  8|BNÖSZ                         |    333|  0|  0|
02|2|  9|CIVILEK SZÖV.B.               |    552|  0|  0|
02|2| 10|MUNKÁSPÁRT                    |    374|  0|  0|
02|2| 11|VÁROSSZÉPÍTŐ EGY              |    718|  0|  0|
02|2| 12|POLG. KÖR. BAR.               |    734|  0|  0|
02|2| 13|FÜGGETLEN KISGAZDAPÁRT        |    169|  0|  0|
02|2| 14|SZDSZ                         |   1021|  0|  0|
02|2| 15|KOMLÓI POLG. KÖR              |    358|  0|  0|
02|2| 16|MNYP                          |    306|  0|  0|
03|1|  1|MUNKÁSPÁRT                    |    988|  0|  0|
03|1|  2|SZDSZ                         |   3736|  0|  0|
03|1|  3|MIÉP                          |   1768|  0|  0|
03|1|  4|FIDESZ                        |  34170| 11|  0|
03|1|  5|MDF                           |   7324|  2|  0|
03|1|  6|MSZP                          |  40740| 14|  0|
03|1|  7|FKGP                          |   2079|  0|  0|
03|1|  8|VP                            |    723|  0|  0|
03|1|  9|GAZDÁK A MEGYÉÉRT KISGAZDAPÁRT|   1335|  0|  0|
03|1| 10|NYBKMÉSZ                      |   3349|  0|  0|
03|1| 11|1523                          |    678|  0|  0|
03|1| 12|CENTRUM                       |   1381|  0|  0|
03|1| 13|BKMFE                         |   2898|  0|  0|
03|1| 14|"LUNGO DROM"                  |    279|  0|  0|
03|2|  1|MSZP                          |  23952|  9|  0|
03|2|  2|SZDSZ                         |   5733|  2|  0|
03|2|  3|MUNKÁSPÁRT                    |    666|  0|  0|
03|2|  4|CENTRUM                       |    654|  0|  0|
03|2|  5|BKMFE                         |   1510|  0|  0|
03|2|  6|FKGP                          |   1033|  0|  0|
03|2|  7|FIDESZ                        |  20185|  7|  0|
03|2|  8|MIÉP                          |   1139|  0|  0|
03|2|  9|MDF                           |   2796|  1|  0|
03|2| 10|1523                          |    412|  0|  0|
03|2| 11|GAZDÁK A MEGYÉÉRT KISGAZDAPÁRT|    550|  0|  0|
03|2| 12|VPK                           |   2196|  0|  0|
04|1|  1|MDF                           |   3187|  1|  0|
04|1|  2|MEZŐGAZDASÁGBÓL ÉLŐKÉRT-FKGP  |   1459|  0|  0|
04|1|  3|CENTRUM                       |   1399|  0|  0|
04|1|  4|ÖBME                          |   1722|  0|  0|
04|1|  5|MIÉP                          |   1107|  0|  0|
04|1|  6|RHTE                          |    206|  0|  0|
04|1|  7|KISTELEPÜLÉSEK                |    966|  0|  0|
04|1|  8|MSZP                          |  30186| 11|  0|
04|1|  9|1248                          |   1742|  0|  0|
04|1| 10|MUNKÁSPÁRT                    |   1528|  0|  0|
04|1| 11|MKPP                          |    687|  0|  0|
04|1| 12|BM CIGÁNYLAKOSOSOK EGYESÜLETE |    458|  0|  0|
04|1| 13|MÉHKERÉKÉRT EGYESÜLET         |    760|  0|  0|
04|1| 14|FIDESZ-MKDSZ-GAZDAKÖRÖK       |  20679|  8|  0|
04|1| 15|SZDSZ                         |   4314|  2|  0|
04|2|  1|SZDSZ                         |   2178|  1|  0|
04|2|  2|ÖSSZEFOGÁS GYULÁÉRT EGYESÜLET |    602|  0|  0|
04|2|  3|MEZŐGAZDASÁBÓL ÉLŐKÉRT-FKGP   |    575|  0|  0|
04|2|  4|FIDESZ-MKDSZ-GAZDAKÖRÖK       |  14612|  6|  0|
04|2|  5|MUNKÁSPÁRT                    |    678|  0|  0|
04|2|  6|MDF                           |   3781|  1|  0|
04|2|  7|ÖBME                          |   2295|  1|  0|
04|2|  8|MIÉP                          |   1174|  0|  0|
04|2|  9|CENTRUM                       |    647|  0|  0|
04|2| 10|KÖRÖS VIDÉKÉÉRT               |   1735|  0|  0|
04|2| 11|MKPP                          |    265|  0|  0|
04|2| 12|MSZP                          |  22669|  9|  0|
05|1|  1|MUNKÁSPÁRT                    |   3973|  0|  0|
05|1|  2|MIÉP                          |   3871|  0|  0|
05|1|  3|MSZP                          |  81440| 24|  0|
05|1|  4|FIDESZ-MDF-MKDSZ              |  52217| 16|  0|
05|1|  5|ABAÚJI SZÖVETSÉG              |   1813|  0|  0|
05|1|  6|VP                            |   1159|  0|  0|
05|1|  7|ZTSZ                          |   6354|  0|  0|
05|1|  8|FAKOOSZ                       |   1820|  0|  0|
05|1|  9|4 T                           |   1870|  0|  0|
05|1| 10|SZDSZ                         |   3152|  0|  0|
05|1| 11|"LUNGO DROM"                  |   1367|  0|  0|
05|1| 12|MVPP GAZDÁK-VÁLLALKOZÓK RKGP  |    771|  0|  0|
05|1| 13|DRSZ                          |    826|  0|  0|
05|1| 14|CENTRUM-KDNP                  |   2179|  0|  0|
05|1| 15|FKGP, FMI B-A-Z MEGYEI EGY.   |   1737|  0|  0|
05|1| 16|SAJÓ-HERNÁD ÓZD KAZINCBARCIKA |   3850|  0|  0|
05|2|  1|FKGP                          |    410|  0|  0|
05|2|  2|FIDESZ-MDF-MKDSZ              |  18785|  7|  0|
05|2|  3|MIÉP                          |   1436|  0|  0|
05|2|  4|SAJÓ-HERNÁD ÓZD KAZINCBARCIKA |    966|  0|  0|
05|2|  5|CENTRUM-KDNP                  |   1243|  0|  0|
05|2|  6|MUNKÁSPÁRT                    |   1356|  0|  0|
05|2|  7|ZTSZ                          |   1700|  0|  0|
05|2|  8|DRSZ                          |    144|  0|  0|
05|2|  9|SZDSZ                         |   2369|  0|  0|
05|2| 10|MSZP                          |  32693| 12|  0|
05|2| 11|GAZDA EGYESÜLET - REFORM KGP  |    149|  0|  0|
05|2| 12|"LUNGO DROM"                  |    295|  0|  0|
05|2| 13|VP                            |    277|  0|  0|
06|1|  1|FKGP                          |   1199|  0|  0|
06|1|  2|MSZP-SZDSZ                    |  20405| 11|  0|
06|1|  3|CÖLE                          |   1423|  0|  0|
06|1|  4|EGYMÁSÉRT                     |   1516|  0|  0|
06|1|  5|DAREDE                        |    512|  0|  0|
06|1|  6|ALFÖLD EGYESÜLET              |    772|  0|  0|
06|1|  7|MIÉP                          |   1165|  0|  0|
06|1|  8|HOMOKHÁT                      |   2379|  1|  0|
06|1|  9|MAKÓ ÉS TÉRSÉGE               |   3289|  2|  0|
06|1| 10|CENTRUM                       |    863|  0|  0|
06|1| 11|FIDESZ-MDF-MKDSZ-KPE          |  17818| 10|  0|
06|1| 12|PUSZTASZERI KÖRZ              |   2582|  1|  0|
06|2|  1|ALFÖLD EGYESÜLET              |    605|  0|  0|
06|2|  2|EGYÜTTSZENTESÉRT              |    581|  0|  0|
06|2|  3|MIÉP                          |    446|  0|  0|
06|2|  4|MSZP-SZDSZ                    |  13720|  8|  0|
06|2|  5|HAJRÁ MAKÓ!-JOBB MAKÓÉRT      |    759|  0|  0|
06|2|  6|IPARTESTÜLET-VÁLLALKOZÓI KLUB |    278|  0|  0|
06|2|  7|MUNKÁSPÁRT                    |    358|  0|  0|
06|2|  8|KURCA EGYESÜLET               |    292|  0|  0|
06|2|  9|ÖSSZEFOGÁS  CS                |   1525|  1|  0|
06|2| 10|FIDESZ-MDF-MKDSZ-KPE          |   7285|  5|  0|
06|2| 11|CENTRUM-ÚJ SZÖVETSÉG-FKGP     |    169|  0|  0|
06|2| 12|PSZM                          |   1445|  1|  0|
06|2| 13|CÖLE                          |     46|  0|  0|
07|1|  1|FETE                          |   4149|  2|  0|
07|1|  2|POLG. FM-ÉRT                  |   6605|  3|  0|
07|1|  3|FIDESZ-MDF                    |  31452| 14|  0|
07|1|  4|CENTRUM-KDNP-MDNP, NÉPPÁRT-KIS|   1335|  0|  0|
07|1|  5|1248                          |   2128|  0|  0|
07|1|  6|AGRÁRSZÖVETSÉG                |   1122|  0|  0|
07|1|  7|MSZP                          |  33602| 15|  0|
07|1|  8|SZDSZ                         |   2639|  0|  0|
07|1|  9|FMNYÉSZ                       |   1547|  0|  0|
07|1| 10|MIÉP                          |   1723|  0|  0|
07|1| 11|MUNKÁSPÁRT                    |   1117|  0|  0|
07|2|  1|FIDESZ-MDF                    |   5376|  3|  0|
07|2|  2|SZDSZ                         |    541|  0|  0|
07|2|  3|FMCKÖSZ                       |    177|  0|  0|
07|2|  4|POLG. FM-ÉRT                  |    499|  0|  0|
07|2|  5|MSZP                          |   6150|  3|  0|
07|2|  6|FETE                          |    203|  0|  0|
07|2|  7|FKGP                          |    118|  0|  0|
07|2|  8|MIÉP                          |    264|  0|  0|
07|2|  9|MUNKÁSPÁRT                    |    137|  0|  0|
08|1|  1|MDF                           |  12231|  5|  0|
08|1|  2|GYMSME                        |   3792|  2|  0|
08|1|  3|MAGYAR KISGAZDA PÁRT          |    553|  0|  0|
08|1|  4|FIDESZ-FKGP                   |  31131| 13|  0|
08|1|  5|VIDÉKÉRT EGYESÜLET            |   3216|  0|  0|
08|1|  6|IPOSZ GY-M-S                  |    900|  0|  0|
08|1|  7|GYMSM POLG.SZÖV.              |    739|  0|  0|
08|1|  8|MSZP                          |  27817| 12|  0|
08|1|  9|MKDSZ                         |   1320|  0|  0|
08|1| 10|MIÉP                          |   1336|  0|  0|
08|1| 11|PANNON NYUGDÍJAS SZÖVETSÉG    |   1990|  0|  0|
08|1| 12|SZDSZ                         |   2449|  0|  0|
08|2|  1|MAGYAR KISGAZDA PÁRT-MIÉP     |    374|  0|  0|
08|2|  2|MDF-MKDSZ                     |   2142|  1|  0|
08|2|  3|CIVIL FÓRUM                   |    326|  0|  0|
08|2|  4|NYUGDÍJASOK-VIDÉKÉRT EGYESÜLET|    570|  0|  0|
08|2|  5|SZDSZ                         |   1040|  0|  0|
08|2|  6|MSZP                          |   9616|  5|  0|
08|2|  7|IPOSZ GY-M-S                  |    259|  0|  0|
08|2|  8|FIDESZ-FKGP                   |   6337|  3|  0|
09|1|  1|FKGP                          |   1596|  0|  0|
09|1|  2|TISZAMENTE                    |   1353|  0|  0|
09|1|  3|MSZP                          |  29824| 14|  0|
09|1|  4|MVPP                          |    860|  0|  0|
09|1|  5|HAJDÚVÁROSOK                  |   1438|  0|  0|
09|1|  6|FFP-NNP                       |    762|  0|  0|
09|1|  7|ROMÁN ÖNK  SZÖV               |    470|  0|  0|
09|1|  8|MIÉP                          |   1824|  0|  0|
09|1|  9|CENTRUM                       |    841|  0|  0|
09|1| 10|ÖKE                           |   1431|  0|  0|
09|1| 11|KPE                           |    453|  0|  0|
09|1| 12|BIÖSZ                         |   1930|  0|  0|
09|1| 13|FALUSI TURIZMUS               |   2393|  0|  0|
09|1| 14|FIDESZ-MDF-GAZDAKÖRÖK SZÖV.   |  19085|  9|  0|
09|1| 15|EÖTT                          |    686|  0|  0|
09|1| 16|NYUGDIJASOK HBM               |   2203|  0|  0|
09|1| 17|KSE NYÍRÁBRÁNY                |    980|  0|  0|
09|1| 18|"LUNGO DROM"                  |    613|  0|  0|
09|1| 19|MUNKÁSPÁRT                    |    454|  0|  0|
09|1| 20|SZDSZ                         |   3042|  1|  0|
09|2|  1|NYUGDIJASOK HBM               |   1272|  0|  0|
09|2|  2|SZDSZ                         |   5186|  2|  0|
09|2|  3|CIVILEK ÖNKORMBA              |    216|  0|  0|
09|2|  4|CENTRUM                       |    732|  0|  0|
09|2|  5|MUNKÁSPÁRT                    |    442|  0|  0|
09|2|  6|FFP-NNP                       |    269|  0|  0|
09|2|  7|IPOSZ                         |   1860|  1|  0|
09|2|  8|MIÉP                          |   1017|  0|  0|
09|2|  9|BIÖSZ                         |   1188|  0|  0|
09|2| 10|HJE                           |    618|  0|  0|
09|2| 11|ROMATÁRSULÁS                  |    239|  0|  0|
09|2| 12|FKGP                          |   1168|  0|  0|
09|2| 13|HAJDÚVÁROSOK                  |   3580|  1|  0|
09|2| 14|FIDESZ-MDF-GAZDAKÖRÖK SZÖV.   |  10820|  5|  0|
09|2| 15|FALUSI TURIZMUS               |    702|  0|  0|
09|2| 16|MSZP                          |  17016|  7|  0|
10|1|  1|FKGP                          |   1284|  0|  0|
10|1|  2|SZDSZ                         |   3196|  0|  0|
10|1|  3|ÖHME                          |   4302|  2|  0|
10|1|  4|NYUVE                         |   4349|  2|  0|
10|1|  5|MIÉP                          |   2363|  0|  0|
10|1|  6|FIDESZ-MDF-MKDSZ-HM-I KISGAZDÁ|  21861|  9|  0|
10|1|  7|MSZP                          |  42239| 17|  0|
10|1|  8|MUNKÁSPÁRT                    |   2196|  0|  0|
10|1|  9|FAKOOSZ                       |    873|  0|  0|
10|1| 10|"LUNGO DROM"                  |    910|  0|  0|
10|2|  1|MUNKÁSPÁRT                    |    378|  0|  0|
10|2|  2|ÖHME                          |   1384|  0|  0|
10|2|  3|6 LOKPATR                     |   1110|  0|  0|
10|2|  4|FKGP                          |    136|  0|  0|
10|2|  5|MIÉP                          |    860|  0|  0|
10|2|  6|SZDSZ                         |   1690|  1|  0|
10|2|  7|"LUNGO DROM"                  |    187|  0|  0|
10|2|  8|NYUVE                         |    470|  0|  0|
10|2|  9|MSZP                          |  11155|  6|  0|
10|2| 10|FIDESZ-MDF-MKDSZ-HM-I KISGAZDÁ|   5350|  3|  0|
11|1|  1|SZDSZ                         |   4275|  2|  0|
11|1|  2|MSZP                          |  34345| 12|  0|
11|1|  3|CENTRUM                       |   1741|  0|  0|
11|1|  4|"LUNGO DROM"                  |   1543|  0|  0|
11|1|  5|OPSZ                          |   1138|  0|  0|
11|1|  6|MUNKÁSPÁRT                    |   1754|  0|  0|
11|1|  7|JÁSZ. SZÖV.-KÖZ-TISZ. SZÖV.   |   5278|  2|  0|
11|1|  8|MIÉP                          |   1625|  0|  0|
11|1|  9|FIDESZ-MDF-MKDSZ              |  18226|  6|  0|
11|1| 10|FKGP                          |   1376|  0|  0|
11|1| 11|NYUGDÍJASOK                   |   2399|  0|  0|
11|1| 12|GAZDAKÖRÖK  SZÖV-KPE          |   1112|  0|  0|
11|1| 13|PSZ                           |   1467|  0|  0|
11|1| 14|TISZAZUGI SZÖV.               |   2146|  0|  0|
11|2|  1|FKGP                          |    883|  0|  0|
11|2|  2|SZDSZ                         |   3630|  2|  0|
11|2|  3|"LUNGO DROM"                  |    430|  0|  0|
11|2|  4|MSZP                          |  21014| 10|  0|
11|2|  5|PSZ                           |   1077|  0|  0|
11|2|  6|GAZDAKÖRÖK  SZÖV-KPE          |    915|  0|  0|
11|2|  7|CENTRUM                       |   1338|  0|  0|
11|2|  8|MIÉP                          |    877|  0|  0|
11|2|  9|MUNKÁSPÁRT                    |    981|  0|  0|
11|2| 10|KG IPARTESTÜLET               |    404|  0|  0|
11|2| 11|FIDESZ-MDF-MKDSZ              |  13972|  6|  0|
11|2| 12|NYUGDÍJASOK                   |    760|  0|  0|
12|1|  1|MIÉP                          |   1306|  0|  0|
12|1|  2|SZDSZ                         |   1565|  0|  0|
12|1|  3|MUNKÁSPÁRT                    |    879|  0|  0|
12|1|  4|POLGÁRMESTEREK                |   5595|  3|  0|
12|1|  5|1397                          |    579|  0|  0|
12|1|  6|1231                          |    662|  0|  0|
12|1|  7|MSZP                          |  20092| 10|  0|
12|1|  8|PGMNE                         |   2407|  1|  0|
12|1|  9|FKGP-MJE                      |    933|  0|  0|
12|1| 10|KÉVE                          |   3076|  1|  0|
12|1| 11|BÖSZ                          |   2157|  1|  0|
12|1| 12|FIDESZ-MDF                    |  13557|  6|  0|
12|2|  1|CENTRUM-3E                    |    528|  0|  0|
12|2|  2|POLGÁRMESTEREK                |    179|  0|  0|
12|2|  3|MIÉP                          |    767|  0|  0|
12|2|  4|FIDESZ-MDF                    |  12244|  6|  0|
12|2|  5|1231                          |    288|  0|  0|
12|2|  6|SZDSZ                         |   2900|  2|  0|
12|2|  7|MUNKÁSPÁRT                    |    666|  0|  0|
12|2|  8|MSZP                          |  17369|  9|  0|
12|2|  9|TISZTAKÖZÉLETÉRT              |   2571|  1|  0|
12|2| 10|SZAKCIVIL                     |   1157|  0|  0|
13|1|  1|MVPP-RKGP                     |    529|  0|  0|
13|1|  2|MDF-KDNP-MDNP, NÉPPÁRT        |   2023|  0|  0|
13|1|  3|FIDESZ-MKDSZ                  |  19633| 13|  0|
13|1|  4|SZDSZ                         |   1749|  0|  0|
13|1|  5|SNSZ                          |    661|  0|  0|
13|1|  6|PALÓCFÖLDÉRT                  |   1124|  0|  0|
13|1|  7|"LUNGO DROM"                  |    519|  0|  0|
13|1|  8|NMCKKSZSZ-CSZOSZ              |    533|  0|  0|
13|1|  9|CENTRUM                       |    767|  0|  0|
13|1| 10|NNP                           |    188|  0|  0|
13|1| 11|KÖSZ-NYÖSZ                    |   1723|  0|  0|
13|1| 12|MRSZ                          |    305|  0|  0|
13|1| 13|MSZP                          |  25492| 17|  0|
13|1| 14|MIÉP                          |    941|  0|  0|
13|1| 15|MUNKÁSPÁRT                    |   1504|  0|  0|
13|1| 16|FKGP                          |    497|  0|  0|
13|2|  1|MIÉP                          |    298|  0|  0|
13|2|  2|SZDSZ                         |    766|  0|  0|
13|2|  3|FIDESZ-MKDSZ                  |   4454|  3|  0|
13|2|  4|NNP                           |    103|  0|  0|
13|2|  5|"LUNGO DROM"                  |     82|  0|  0|
13|2|  6|CENTRUM                       |    290|  0|  0|
13|2|  7|MDF-KDNP-MDNP, NÉPPÁRT        |   1313|  1|  0|
13|2|  8|MSZP                          |   8066|  6|  0|
13|2|  9|FKGP                          |     78|  0|  0|
13|2| 10|MUNKÁSPÁRT                    |    571|  0|  0|
14|1|  1|"LUNGO DROM"                  |   1158|  0|  0|
14|1|  2|MSZP                          |  78578| 18|  0|
14|1|  3|CENTRUM-PM TÉRSÉGEK EGY.      |   3050|  0|  0|
14|1|  4|PEST M. FÜGGETLENEK           |  10309|  2|  0|
14|1|  5|SZDSZ                         |   9979|  2|  0|
14|1|  6|FIDESZ-MKDSZ-KPE              |  63191| 14|  0|
14|1|  7|MVPP                          |    932|  0|  0|
14|1|  8|MUNKÁSPÁRT                    |   1684|  0|  0|
14|1|  9|1248                          |   5198|  0|  0|
14|1| 10|MIÉP                          |   7119|  0|  0|
14|1| 11|MDF                           |   9299|  2|  0|
14|2|  1|SZDSZ                         |  16275|  4|  0|
14|2|  2|1248                          |   4370|  0|  0|
14|2|  3|MVPP                          |    718|  0|  0|
14|2|  4|MIÉP                          |  10857|  2|  0|
14|2|  5|MSZP                          |  91987| 20|  0|
14|2|  6|MUNKÁSPÁRT                    |   1882|  0|  0|
14|2|  7|MDF                           |  11809|  3|  0|
14|2|  8|CENTRUM-PM TÉRSÉGEK EGY.      |   2936|  0|  0|
14|2|  9|FKGP                          |   1771|  0|  0|
14|2| 10|FIDESZ-MKDSZ-KPE              |  60628| 13|  0|
14|2| 11|PEST M. FÜGGETLENEK           |   6561|  0|  0|
15|1|  1|SOMOGYÉRT                     |  26323| 10|  0|
15|1|  2|FIDESZ-MDF-MKDSZ-KPE-FIDELITAS|  26841| 10|  0|
15|1|  3|MUNKÁSPÁRT                    |   1264|  0|  0|
15|1|  4|CKÖSMT                        |   2099|  0|  0|
15|1|  5|FÖLDSZÖVETSÉG-FKGP            |    938|  0|  0|
15|1|  6|MIÉP                          |   1564|  0|  0|
15|1|  7|MSZP                          |  31509| 11|  0|
15|1|  8|SZDSZ                         |   2219|  0|  0|
15|2|  1|MSZP                          |  11146|  4|  0|
15|2|  2|MIÉP                          |    301|  0|  0|
15|2|  3|MUNKÁSPÁRT                    |    145|  0|  0|
15|2|  4|FIDESZ-MDF-MKDSZ-KPE-FIDELITAS|   7234|  3|  0|
15|2|  5|SOMOGYÉRT                     |   3777|  2|  0|
15|2|  6|CKÖSMT                        |    299|  0|  0|
15|2|  7|SZDSZ                         |    675|  0|  0|
16|1|  1|KISGAZDAPÁRT                  |   1556|  0|  0|
16|1|  2|ÖSSZEFOGÁS MEGYÉ              |  34145| 10|  0|
16|1|  3|SZDSZ                         |   5788|  0|  0|
16|1|  4|GAZDAKÖRÖK SZSZB              |   1617|  0|  0|
16|1|  5|CSZOSZ                        |   1394|  0|  0|
16|1|  6|8.SZ. VÁL.KÖRZET              |   3106|  0|  0|
16|1|  7|"LUNGO DROM"                  |   2057|  0|  0|
16|1|  8|MSZP                          |  52371| 16|  0|
16|1|  9|MKRP                          |    759|  0|  0|
16|1| 10|FPM                           |   7078|  2|  0|
16|1| 11|MSZZP                         |   2814|  0|  0|
16|1| 12|FKGP                          |   1490|  0|  0|
16|1| 13|IPOSZ.                        |    541|  0|  0|
16|1| 14|CENTRUM                       |   1157|  0|  0|
16|1| 15|MVPP                          |    569|  0|  0|
16|1| 16|MIÉP                          |   1912|  0|  0|
16|1| 17|MUNKÁSPÁRT                    |   1287|  0|  0|
16|1| 18|VP                            |   1100|  0|  0|
16|1| 19|FIDESZ-MKDSZ-KPE              |  37773| 11|  0|
16|1| 20|MDF                           |   2545|  0|  0|
16|2|  1|VP                            |    712|  0|  0|
16|2|  2|MIÉP                          |    336|  0|  0|
16|2|  3|SZDSZ                         |   1391|  0|  0|
16|2|  4|FPM                           |   2191|  1|  0|
16|2|  5|MVPP                          |    205|  0|  0|
16|2|  6|MSZZP                         |    571|  0|  0|
16|2|  7|CSZOSZ                        |    215|  0|  0|
16|2|  8|FKGP                          |    194|  0|  0|
16|2|  9|CENTRUM                       |    209|  0|  0|
16|2| 10|IPOSZ.                        |    104|  0|  0|
16|2| 11|ÖSSZEFOGÁS MEGYÉ              |   2145|  1|  0|
16|2| 12|"LUNGO DROM"                  |    246|  0|  0|
16|2| 13|SZDP                          |    191|  0|  0|
16|2| 14|MKRP                          |    251|  0|  0|
16|2| 15|FIDESZ-MKDSZ-KPE              |   6055|  2|  0|
16|2| 16|MUNKÁSPÁRT                    |    188|  0|  0|
16|2| 17|MDF                           |   1116|  0|  0|
16|2| 18|MSZP                          |  15251|  5|  0|
17|1|  1|VÖLGYSÉGI IPART.              |    728|  0|  0|
17|1|  2|MVPP                          |   1052|  0|  0|
17|1|  3|MSZP                          |  24171| 14|  0|
17|1|  4|TM.NÉMET ÖNKSZÖV              |   1537|  0|  0|
17|1|  5|FIDESZ-MDF-MKDSZ-KPE          |  20529| 11|  0|
17|1|  6|TMVSZ                         |   1970|  0|  0|
17|1|  7|MCF                           |    472|  0|  0|
17|1|  8|SZDSZ                         |   1453|  0|  0|
17|1|  9|TMESZ-TOMSZI                  |   2565|  1|  0|
17|1| 10|KAJDACS S.E.                  |    484|  0|  0|
17|1| 11|"LUNGO DROM"                  |    883|  0|  0|
17|1| 12|PINCEHELYÉRT E                |   1374|  0|  0|
17|1| 13|FKGP                          |    800|  0|  0|
17|1| 14|MIÉP                          |   1165|  0|  0|
17|2|  1|FIDESZ-MDF-MKDSZ-KPE          |   8587|  6|  0|
17|2|  2|FKGP                          |    167|  0|  0|
17|2|  3|MSZP                          |  10510|  8|  0|
17|2|  4|PA.LO.PATR.EGY.-DVÁRI POLGÁRKÖ|    944|  0|  0|
17|2|  5|SZDSZ                         |   1495|  1|  0|
17|2|  6|TMVSZ                         |    565|  0|  0|
17|2|  7|MIÉP                          |    434|  0|  0|
17|2|  8|"LUNGO DROM"                  |    113|  0|  0|
17|2|  9|MCF                           |    176|  0|  0|
17|2| 10|TMESZ-TOMSZI                  |    822|  0|  0|
17|2| 11|TM.NÉMET ÖNKSZÖV              |    618|  0|  0|
18|1|  1|VÖE                           |   6883|  4|  0|
18|1|  2|FKGP                          |    982|  0|  0|
18|1|  3|CENTRUM-KDNP-AGRÁRSZÖVETSÉG   |    768|  0|  0|
18|1|  4|"LUNGO DROM"                  |    301|  0|  0|
18|1|  5|MIÉP                          |   1219|  0|  0|
18|1|  6|FIDESZ-MDF-MKDSZ              |  28716| 15|  0|
18|1|  7|SZDSZ                         |   2593|  1|  0|
18|1|  8|MSZP                          |  18672|  9|  0|
18|1|  9|MVPP                          |    420|  0|  0|
18|1| 10|POLGÁRŐRSÉG                   |    670|  0|  0|
18|2|  1|MIÉP                          |    387|  0|  0|
18|2|  2|MSZP                          |   8687|  5|  0|
18|2|  3|FIDESZ-MDF-MKDSZ              |   9152|  6|  0|
18|2|  4|POLGÁRŐRSÉG                   |    143|  0|  0|
18|2|  5|MVPP                          |    103|  0|  0|
18|2|  6|SZDSZ                         |    680|  0|  0|
18|2|  7|VÖE                           |    921|  0|  0|
18|2|  8|CENTRUM-KDNP                  |    306|  0|  0|
18|2|  9|FKGP                          |     92|  0|  0|
18|2| 10|EU2000MAGY ROMÁK              |     83|  0|  0|
18|2| 11|SÁRVÁRÉRT EGY.-SÁRVÁR IPARTEST|    224|  0|  0|
19|1|  1|MIÉP                          |   1897|  0|  0|
19|1|  2|FIDESZ-MKDSZ-KPE              |  31979| 10|  0|
19|1|  3|"LUNGO DROM"                  |    454|  0|  0|
19|1|  4|BALATON SZÖVETSG              |   1909|  0|  0|
19|1|  5|VMGSZ                         |    889|  0|  0|
19|1|  6|MSZP-SZDSZ                    |  33599| 11|  0|
19|1|  7|NYUGDÍJASOK SZÖV              |   2019|  0|  0|
19|1|  8|VMNÖEK                        |    780|  0|  0|
19|1|  9|CENTRUM                       |   1480|  0|  0|
19|1| 10|FKGP                          |   1441|  0|  0|
19|1| 11|MDF                           |   7859|  3|  0|
19|2|  1|KDNP                          |    239|  0|  0|
19|2|  2|MIÉP                          |    681|  0|  0|
19|2|  3|NYUGDÍJASOK SZÖV              |    574|  0|  0|
19|2|  4|MSZP-SZDSZ                    |  22788|  9|  0|
19|2|  5|RKGF                          |    230|  0|  0|
19|2|  6|FKGP                          |    249|  0|  0|
19|2|  7|CENTRUM                       |    571|  0|  0|
19|2|  8|MDF                           |   1653|  0|  0|
19|2|  9|BALATON SZÖVETSG              |    438|  0|  0|
19|2| 10|FIDESZ-MKDSZ-KPE              |  17081|  7|  0|
19|2| 11|VPE                           |    280|  0|  0|
20|1|  1|ZALA-MENTI PPE                |   3798|  3|  0|
20|1|  2|ZAMESZ                        |    964|  0|  0|
20|1|  3|KITESZ-MCF                    |    447|  0|  0|
20|1|  4|ZM IT                         |   1606|  0|  0|
20|1|  5|"LUNGO DROM"                  |    417|  0|  0|
20|1|  6|MIÉP                          |   1746|  0|  0|
20|1|  7|FKGP                          |   1070|  0|  0|
20|1|  8|MTSZ                          |   1810|  0|  0|
20|1|  9|MSZP                          |  17893| 14|  0|
20|1| 10|KANIZSA TPE                   |   2346|  0|  0|
20|1| 11|EZMSZ-GYSZZME                 |   1461|  0|  0|
20|1| 12|SZDSZ                         |   2299|  0|  0|
20|1| 13|ZALASZENTGRÓTVPE              |   2220|  0|  0|
20|1| 14|ZALAI A  NOSTRU-CSZOSZ        |    576|  0|  0|
20|1| 15|FIDESZ-MDF-MKDSZ              |  20598| 16|  0|
20|1| 16|DÉL-ZALAI PME                 |   2106|  0|  0|
20|1| 17|KERKA VÖLGYE PME              |   3241|  2|  0|
20|1| 18|ZALAEGERSZEGVPME              |   2312|  0|  0|
20|1| 19|CENTRUM                       |    458|  0|  0|
20|1| 20|HÉVÍZ TPE                     |   2666|  0|  0|
20|2|  1|ÖSSZEFOGÁS K.E.               |   2621|  3|  0|
20|2|  2|ZM IT                         |    406|  0|  0|
20|2|  3|BALATON SZÖVETSG              |    390|  0|  0|
20|2|  4|CENTRUM                       |    324|  0|  0|
20|2|  5|KESOTE                        |    383|  0|  0|
20|2|  6|MSZP                          |   2485|  2|  0|
20|2|  7|KTVK                          |    336|  0|  0|
20|2|  8|SZDSZ                         |    256|  0|  0|
20|2|  9|ZAMESZ                        |    193|  0|  0|
