1|01|BUDAPEST  |01|00047853|00000352|00000003|00048202|00036034|00035975|00000059|00000273|00035702|0|eredménytelen
1|01|BUDAPEST  |02|00053031|00000516|00000001|00053546|00040808|00040748|00000060|00000364|00040384|0|eredménytelen
1|01|BUDAPEST  |03|00050298|00000294|00000001|00050591|00034110|00034037|00000073|00000506|00033531|0|eredménytelen
1|01|BUDAPEST  |04|00058196|00000293|00000021|00058468|00036918|00036857|00000061|00000570|00036287|0|eredménytelen
1|01|BUDAPEST  |05|00060183|00000199|00000000|00060382|00036411|00036363|00000048|00000410|00035953|0|eredménytelen
1|01|BUDAPEST  |06|00044295|00000116|00000001|00044410|00026674|00026643|00000031|00000397|00026246|0|eredménytelen
1|01|BUDAPEST  |07|00040063|00000262|00000005|00040320|00027584|00027539|00000045|00000272|00027267|0|eredménytelen
1|01|BUDAPEST  |08|00040794|00000246|00000007|00041033|00025591|00025548|00000043|00000321|00025227|0|eredménytelen
1|01|BUDAPEST  |09|00039558|00000248|00000002|00039804|00022780|00022741|00000039|00000428|00022313|0|eredménytelen
1|01|BUDAPEST  |10|00036910|00000233|00000000|00037143|00021977|00021946|00000031|00000520|00021426|0|eredménytelen
1|01|BUDAPEST  |11|00045388|00000333|00000002|00045719|00023733|00023696|00000037|00000426|00023270|0|eredménytelen
1|01|BUDAPEST  |12|00035855|00000249|00000004|00036100|00021085|00021059|00000026|00000443|00020616|0|eredménytelen
1|01|BUDAPEST  |13|00039501|00000162|00000000|00039663|00023176|00023142|00000034|00000467|00022675|0|eredménytelen
1|01|BUDAPEST  |14|00046437|00000239|00000003|00046673|00027139|00027083|00000056|00000446|00026637|0|eredménytelen
1|01|BUDAPEST  |15|00037816|00000361|00000004|00038173|00028280|00028222|00000059|00000283|00027939|0|eredménytelen
1|01|BUDAPEST  |16|00046267|00000287|00000002|00046552|00031624|00031569|00000055|00000355|00031214|0|eredménytelen
1|01|BUDAPEST  |17|00034552|00000266|00000003|00034815|00025526|00025494|00000032|00000329|00025165|0|eredménytelen
1|01|BUDAPEST  |18|00054585|00000397|00000002|00054980|00041556|00041507|00000049|00000346|00041161|0|eredménytelen
1|01|BUDAPEST  |19|00043693|00000277|00000003|00043967|00028570|00028526|00000044|00000459|00028067|0|eredménytelen
1|01|BUDAPEST  |20|00040911|00000206|00000005|00041112|00024121|00024091|00000030|00000665|00023426|0|eredménytelen
1|01|BUDAPEST  |21|00049805|00000396|00000001|00050200|00033156|00033106|00000050|00000424|00032682|0|eredménytelen
1|01|BUDAPEST  |22|00051775|00000340|00000003|00052112|00035556|00035498|00000058|00000466|00035032|0|eredménytelen
1|01|BUDAPEST  |23|00048948|00000104|00000000|00049052|00029999|00029903|00000096|00000375|00029528|0|eredménytelen
1|01|BUDAPEST  |24|00056666|00000327|00000004|00056989|00037904|00037858|00000046|00000401|00037457|0|eredménytelen
1|01|BUDAPEST  |25|00061752|00000223|00000001|00061974|00037531|00037484|00000047|00000420|00037064|0|eredménytelen
1|01|BUDAPEST  |26|00041944|00000143|00000003|00042084|00025565|00025554|00000011|00000373|00025181|0|eredménytelen
1|01|BUDAPEST  |27|00056343|00000183|00000002|00056524|00032936|00032867|00000069|00000411|00032456|0|eredménytelen
1|01|BUDAPEST  |28|00053867|00000220|00000005|00054082|00033094|00033039|00000055|00000392|00032647|0|eredménytelen
1|01|BUDAPEST  |29|00048366|00000129|00000002|00048493|00028755|00028732|00000023|00000459|00028273|0|eredménytelen
1|01|BUDAPEST  |30|00033226|00000104|00000001|00033329|00017732|00017717|00000015|00000348|00017369|0|eredménytelen
1|01|BUDAPEST  |31|00032884|00000093|00000001|00032976|00019316|00019289|00000027|00000285|00019004|0|eredménytelen
1|01|BUDAPEST  |32|00041421|00000199|00000000|00041620|00027146|00027099|00000047|00000289|00026810|0|eredménytelen
1|02|BARANYA   |01|00050075|00000341|00000001|00050415|00028896|00028860|00000036|00000375|00028485|0|eredménytelen
1|02|BARANYA   |02|00044315|00000579|00000000|00044894|00028944|00028904|00000040|00000362|00028542|0|eredménytelen
1|02|BARANYA   |03|00050235|00000198|00000000|00050433|00029164|00029137|00000027|00000331|00028806|0|eredménytelen
1|02|BARANYA   |04|00046840|00000071|00000000|00046911|00025834|00025826|00000008|00000264|00025562|0|eredménytelen
1|02|BARANYA   |05|00052532|00000110|00000000|00052642|00030168|00030149|00000019|00000450|00029699|0|eredménytelen
1|02|BARANYA   |06|00043982|00000105|00000000|00044087|00024213|00024202|00000011|00000376|00023826|0|eredménytelen
1|02|BARANYA   |07|00035730|00000044|00000000|00035774|00018456|00018442|00000014|00000279|00018163|0|eredménytelen
1|03|BÁCS      |01|00046517|00000188|00000022|00046683|00026399|00026372|00000027|00000354|00026018|0|eredménytelen
1|03|BÁCS      |02|00036201|00000143|00000025|00036319|00020014|00019996|00000018|00000320|00019676|0|eredménytelen
1|03|BÁCS      |03|00040650|00000140|00000002|00040788|00019308|00019301|00000007|00000502|00018799|0|eredménytelen
1|03|BÁCS      |04|00047094|00000126|00000000|00047220|00021855|00021840|00000015|00000407|00021433|0|eredménytelen
1|03|BÁCS      |05|00041918|00000058|00000000|00041976|00020527|00020515|00000012|00000266|00020249|0|eredménytelen
1|03|BÁCS      |06|00043412|00000066|00000001|00043477|00022574|00022558|00000016|00000287|00022271|0|eredménytelen
1|03|BÁCS      |07|00044629|00000144|00000000|00044773|00025062|00025049|00000013|00000355|00024694|0|eredménytelen
1|03|BÁCS      |08|00040813|00000082|00000002|00040893|00019893|00019879|00000014|00000251|00019628|0|eredménytelen
1|03|BÁCS      |09|00049540|00000140|00000001|00049679|00026997|00026989|00000008|00000330|00026659|0|eredménytelen
1|03|BÁCS      |10|00039904|00000056|00000002|00039958|00019606|00019599|00000007|00000313|00019286|0|eredménytelen
1|04|BÉKÉS     |01|00053376|00000170|00000017|00053529|00031123|00031088|00000035|00000336|00030752|0|eredménytelen
1|04|BÉKÉS     |02|00050851|00000308|00000004|00051155|00025611|00025593|00000018|00000467|00025126|0|eredménytelen
1|04|BÉKÉS     |03|00038969|00000038|00000000|00039007|00021245|00021233|00000012|00000447|00020786|0|eredménytelen
1|04|BÉKÉS     |04|00040140|00000038|00000003|00040175|00018524|00018516|00000008|00000374|00018142|0|eredménytelen
1|04|BÉKÉS     |05|00039564|00000095|00000001|00039658|00021467|00021444|00000023|00000411|00021033|0|eredménytelen
1|04|BÉKÉS     |06|00053463|00000081|00000000|00053544|00029716|00029682|00000034|00000497|00029185|0|eredménytelen
1|04|BÉKÉS     |07|00044889|00000069|00000000|00044958|00021944|00021941|00000004|00000435|00021506|0|eredménytelen
1|05|BORSOD    |01|00044247|00000066|00000002|00044311|00025341|00025322|00000019|00000306|00025016|0|eredménytelen
1|05|BORSOD    |02|00046313|00000201|00000003|00046511|00029030|00028986|00000044|00000236|00028750|0|eredménytelen
1|05|BORSOD    |03|00046702|00000146|00000003|00046845|00026160|00026124|00000036|00000238|00025886|0|eredménytelen
1|05|BORSOD    |04|00043623|00000112|00000003|00043732|00026319|00026298|00000021|00000220|00026078|0|eredménytelen
1|05|BORSOD    |05|00044278|00000046|00000001|00044323|00022822|00022808|00000014|00000322|00022486|0|eredménytelen
1|05|BORSOD    |06|00037701|00000034|00000001|00037734|00020043|00020029|00000014|00000323|00019706|0|eredménytelen
1|05|BORSOD    |07|00042278|00000078|00000001|00042355|00022813|00022802|00000011|00000269|00022533|0|eredménytelen
1|05|BORSOD    |08|00037566|00000092|00000005|00037653|00021354|00021345|00000009|00000330|00021015|0|eredménytelen
1|05|BORSOD    |09|00047273|00000064|00000000|00047337|00026321|00026315|00000007|00000513|00025802|0|eredménytelen
1|05|BORSOD    |10|00049903|00000131|00000002|00050032|00027206|00027184|00000022|00000402|00026782|0|eredménytelen
1|05|BORSOD    |11|00048842|00000115|00000003|00048954|00025638|00025632|00000006|00000459|00025173|0|eredménytelen
1|05|BORSOD    |12|00049909|00000054|00000002|00049961|00024502|00024486|00000016|00000384|00024102|0|eredménytelen
1|05|BORSOD    |13|00045247|00000103|00000000|00045350|00026528|00026519|00000009|00000366|00026153|0|eredménytelen
1|06|CSONGRÁD  |01|00050470|00000310|00000000|00050780|00029394|00029368|00000026|00000318|00029050|0|eredménytelen
1|06|CSONGRÁD  |02|00059213|00000387|00000000|00059600|00032090|00032061|00000029|00000493|00031568|0|eredménytelen
1|06|CSONGRÁD  |03|00055421|00000242|00000000|00055663|00029480|00029460|00000020|00000317|00029143|0|eredménytelen
1|06|CSONGRÁD  |04|00047844|00000107|00000017|00047934|00023295|00023279|00000016|00000422|00022857|0|eredménytelen
1|06|CSONGRÁD  |05|00037092|00000074|00000001|00037165|00019024|00019012|00000012|00000220|00018792|0|eredménytelen
1|06|CSONGRÁD  |06|00047697|00000059|00000000|00047756|00027272|00027243|00000029|00000411|00026832|1|eredményes
1|06|CSONGRÁD  |07|00041021|00000038|00000000|00041059|00020494|00020479|00000015|00000329|00020150|0|eredménytelen
1|07|FEJÉR     |01|00045843|00000114|00000007|00045950|00028926|00028888|00000038|00000219|00028669|0|eredménytelen
1|07|FEJÉR     |02|00049920|00000122|00000005|00050037|00029829|00029806|00000023|00000277|00029529|0|eredménytelen
1|07|FEJÉR     |03|00044390|00000099|00000001|00044488|00024866|00024843|00000023|00000201|00024642|0|eredménytelen
1|07|FEJÉR     |04|00050089|00000499|00000000|00050588|00025537|00025527|00000010|00000347|00025180|0|eredménytelen
1|07|FEJÉR     |05|00047459|00000099|00000000|00047558|00026206|00026191|00000015|00000350|00025841|0|eredménytelen
1|07|FEJÉR     |06|00047479|00000078|00000001|00047556|00021528|00021515|00000013|00000388|00021127|0|eredménytelen
1|07|FEJÉR     |07|00045311|00000172|00000001|00045482|00023734|00023727|00000007|00000333|00023394|0|eredménytelen
1|08|GYÕR      |01|00052121|00000102|00000000|00052223|00028662|00028645|00000017|00000484|00028161|0|eredménytelen
1|08|GYÕR      |02|00051456|00000250|00000002|00051704|00033021|00032993|00000028|00000289|00032704|0|eredménytelen
1|08|GYÕR      |03|00050653|00000138|00000002|00050789|00031428|00031361|00000067|00000218|00031143|0|eredménytelen
1|08|GYÕR      |04|00046638|00000150|00000006|00046782|00027118|00027108|00000010|00000381|00026727|0|eredménytelen
1|08|GYÕR      |05|00044826|00000065|00000004|00044887|00026953|00026939|00000014|00000440|00026499|0|eredménytelen
1|08|GYÕR      |06|00044708|00000084|00000001|00044791|00028138|00028120|00000018|00000453|00027667|0|eredménytelen
1|08|GYÕR      |07|00049144|00000559|00000000|00049703|00031686|00031662|00000024|00000342|00031320|0|eredménytelen
1|09|HAJDÚ     |01|00059970|00000224|00000000|00060194|00031620|00031595|00000025|00000395|00031200|0|eredménytelen
1|09|HAJDÚ     |02|00049624|00000155|00000000|00049779|00026820|00026799|00000021|00000285|00026514|0|eredménytelen
1|09|HAJDÚ     |03|00054035|00000319|00000000|00054354|00032327|00032292|00000035|00000290|00032002|0|eredménytelen
1|09|HAJDÚ     |04|00044254|00000080|00000000|00044334|00017189|00017173|00000016|00000392|00016781|0|eredménytelen
1|09|HAJDÚ     |05|00044176|00000114|00000000|00044290|00020530|00020511|00000019|00000413|00020098|0|eredménytelen
1|09|HAJDÚ     |06|00041213|00000039|00000002|00041250|00019010|00018991|00000019|00000368|00018623|0|eredménytelen
1|09|HAJDÚ     |07|00049129|00000226|00000003|00049352|00022110|00022090|00000020|00000358|00021732|0|eredménytelen
1|09|HAJDÚ     |08|00038055|00000053|00000000|00038108|00018088|00018084|00000004|00000288|00017796|0|eredménytelen
1|09|HAJDÚ     |09|00045597|00000092|00000000|00045689|00021040|00021022|00000018|00000443|00020579|0|eredménytelen
1|10|HEVES     |01|00050573|00000338|00000000|00050911|00032043|00032020|00000023|00000225|00031795|0|eredménytelen
1|10|HEVES     |02|00038557|00000170|00000000|00038727|00021080|00021072|00000008|00000389|00020683|0|eredménytelen
1|10|HEVES     |03|00050588|00000235|00000058|00050765|00029904|00029877|00000027|00000400|00029477|0|eredménytelen
1|10|HEVES     |04|00046006|00000099|00000002|00046103|00024056|00024006|00000050|00000314|00023692|0|eredménytelen
1|10|HEVES     |05|00040360|00000085|00000001|00040444|00018975|00018966|00000009|00000337|00018629|0|eredménytelen
1|10|HEVES     |06|00035791|00000052|00000004|00035839|00017679|00017669|00000010|00000312|00017357|0|eredménytelen
1|11|JÁSZ      |01|00038259|00000092|00000000|00038351|00019918|00019891|00000027|00000296|00019595|0|eredménytelen
1|11|JÁSZ      |02|00033063|00000060|00000000|00033123|00017067|00017060|00000007|00000376|00016684|0|eredménytelen
1|11|JÁSZ      |03|00046502|00000088|00000000|00046590|00024905|00024887|00000018|00000400|00024487|0|eredménytelen
1|11|JÁSZ      |04|00048312|00000178|00000001|00048489|00028432|00028416|00000016|00000416|00028000|0|eredménytelen
1|11|JÁSZ      |05|00037981|00000099|00000001|00038079|00019406|00019393|00000013|00000320|00019073|0|eredménytelen
1|11|JÁSZ      |06|00035670|00000062|00000001|00035731|00018677|00018659|00000018|00000385|00018274|0|eredménytelen
1|11|JÁSZ      |07|00046737|00000091|00000000|00046828|00022390|00022369|00000021|00000569|00021800|0|eredménytelen
1|11|JÁSZ      |08|00046673|00000086|00000000|00046759|00022590|00022576|00000014|00000446|00022130|0|eredménytelen
1|12|KOMÁROM   |01|00057516|00000115|00000000|00057631|00031632|00031605|00000027|00000325|00031280|0|eredménytelen
1|12|KOMÁROM   |02|00044930|00000119|00000000|00045049|00025839|00025821|00000018|00000388|00025433|0|eredménytelen
1|12|KOMÁROM   |03|00046195|00000079|00000001|00046273|00025302|00025290|00000012|00000309|00024981|0|eredménytelen
1|12|KOMÁROM   |04|00049388|00000107|00000000|00049495|00027246|00027227|00000019|00000416|00026811|0|eredménytelen
1|12|KOMÁROM   |05|00047117|00000194|00000003|00047308|00027592|00027569|00000023|00000309|00027260|0|eredménytelen
1|13|NÓGRÁD    |01|00046076|00000143|00000002|00046217|00026297|00026280|00000017|00000316|00025964|0|eredménytelen
1|13|NÓGRÁD    |02|00046696|00000094|00000001|00046789|00024132|00024117|00000015|00000439|00023678|0|eredménytelen
1|13|NÓGRÁD    |03|00039235|00000120|00000000|00039355|00021578|00021528|00000050|00000307|00021221|0|eredménytelen
1|13|NÓGRÁD    |04|00044626|00000136|00000000|00044762|00025769|00025758|00000011|00000310|00025448|0|eredménytelen
1|14|PEST      |01|00041772|00000303|00000015|00042060|00024250|00024237|00000013|00000425|00023812|0|eredménytelen
1|14|PEST      |02|00041712|00000228|00000011|00041929|00025525|00025492|00000033|00000178|00025314|0|eredménytelen
1|14|PEST      |03|00044350|00000206|00000004|00044552|00025404|00025373|00000031|00000239|00025134|0|eredménytelen
1|14|PEST      |04|00059173|00000237|00000004|00059406|00035127|00035086|00000041|00000410|00034676|0|eredménytelen
1|14|PEST      |05|00039978|00000138|00000002|00040114|00020626|00020608|00000018|00000380|00020228|0|eredménytelen
1|14|PEST      |06|00055112|00000183|00000001|00055294|00025932|00025915|00000017|00000474|00025441|0|eredménytelen
1|14|PEST      |07|00058373|00000163|00000000|00058536|00031094|00031077|00000017|00000487|00030590|0|eredménytelen
1|14|PEST      |08|00056815|00000233|00000004|00057044|00031838|00031795|00000043|00000416|00031379|0|eredménytelen
1|14|PEST      |09|00044408|00000256|00000000|00044664|00027052|00027023|00000029|00000319|00026704|0|eredménytelen
1|14|PEST      |10|00050935|00000358|00000004|00051289|00032479|00032452|00000027|00000374|00032078|0|eredménytelen
1|14|PEST      |11|00048057|00000586|00000012|00048631|00030196|00030165|00000032|00000358|00029807|0|eredménytelen
1|14|PEST      |12|00054488|00000236|00000004|00054720|00029524|00029493|00000031|00000456|00029037|0|eredménytelen
1|14|PEST      |13|00057293|00000377|00000005|00057665|00028297|00028276|00000021|00000512|00027764|0|eredménytelen
1|14|PEST      |14|00050203|00000121|00000009|00050315|00023405|00023396|00000009|00000362|00023034|0|eredménytelen
1|14|PEST      |15|00051417|00000123|00000004|00051536|00025648|00025629|00000020|00000425|00025204|0|eredménytelen
1|14|PEST      |16|00040818|00000071|00000006|00040883|00019611|00019602|00000009|00000304|00019298|0|eredménytelen
1|15|SOMOGY    |01|00040653|00000242|00000000|00040895|00023545|00023527|00000018|00000171|00023356|0|eredménytelen
1|15|SOMOGY    |02|00050633|00000147|00000003|00050777|00026872|00026862|00000010|00000322|00026540|0|eredménytelen
1|15|SOMOGY    |03|00046561|00000611|00000003|00047169|00026536|00026514|00000022|00000302|00026212|0|eredménytelen
1|15|SOMOGY    |04|00042582|00000813|00000000|00043395|00024448|00024431|00000017|00000350|00024081|0|eredménytelen
1|15|SOMOGY    |05|00043083|00000098|00000000|00043181|00022144|00022134|00000010|00000390|00021744|0|eredménytelen
1|15|SOMOGY    |06|00043827|00000083|00000000|00043910|00022288|00022281|00000007|00000314|00021967|0|eredménytelen
1|16|SZABOLCS  |01|00048689|00000257|00000002|00048944|00027489|00027472|00000017|00000385|00027087|0|eredménytelen
1|16|SZABOLCS  |02|00049219|00000108|00000003|00049324|00025646|00025617|00000029|00000256|00025361|0|eredménytelen
1|16|SZABOLCS  |03|00043698|00000051|00000001|00043748|00020010|00019994|00000016|00000344|00019650|0|eredménytelen
1|16|SZABOLCS  |04|00045303|00000070|00000001|00045372|00018417|00018407|00000010|00000389|00018018|0|eredménytelen
1|16|SZABOLCS  |05|00043747|00000069|00000002|00043814|00019825|00019815|00000010|00000361|00019454|0|eredménytelen
1|16|SZABOLCS  |06|00042339|00000075|00000003|00042411|00020647|00020639|00000008|00000329|00020310|0|eredménytelen
1|16|SZABOLCS  |07|00044018|00000049|00000000|00044067|00021133|00021125|00000008|00000278|00020847|0|eredménytelen
1|16|SZABOLCS  |08|00040875|00000048|00000002|00040921|00020531|00020526|00000005|00000414|00020112|0|eredménytelen
1|16|SZABOLCS  |09|00043333|00000053|00000000|00043386|00023192|00023185|00000007|00000410|00022775|0|eredménytelen
1|16|SZABOLCS  |10|00037166|00000047|00000001|00037212|00020856|00020844|00000012|00000355|00020489|0|eredménytelen
1|17|TOLNA     |01|00052724|00000097|00000002|00052819|00029618|00029605|00000013|00000253|00029352|0|eredménytelen
1|17|TOLNA     |02|00045615|00000123|00000003|00045735|00023918|00023896|00000022|00000374|00023522|0|eredménytelen
1|17|TOLNA     |03|00036798|00000057|00000000|00036855|00022223|00022204|00000019|00000334|00021870|0|eredménytelen
1|17|TOLNA     |04|00028725|00000073|00000000|00028798|00015101|00015093|00000008|00000198|00014895|0|eredménytelen
1|17|TOLNA     |05|00035060|00000070|00000003|00035127|00017805|00017790|00000015|00000350|00017440|0|eredménytelen
1|18|VAS       |01|00041276|00000187|00000001|00041462|00026999|00026977|00000022|00000289|00026688|0|eredménytelen
1|18|VAS       |02|00040490|00000099|00000000|00040589|00025144|00025130|00000014|00000306|00024824|0|eredménytelen
1|18|VAS       |03|00041542|00000182|00000003|00041721|00026882|00026868|00000014|00000453|00026415|0|eredménytelen
1|18|VAS       |04|00045422|00000116|00000002|00045536|00026350|00026339|00000011|00000376|00025963|0|eredménytelen
1|18|VAS       |05|00044701|00000131|00000002|00044830|00028023|00028008|00000015|00000443|00027565|0|eredménytelen
1|19|VESZPRÉM  |01|00046833|00000099|00000001|00046931|00027158|00027140|00000018|00000382|00026758|0|eredménytelen
1|19|VESZPRÉM  |02|00037217|00001304|00000008|00038513|00025762|00025745|00000017|00000271|00025474|0|eredménytelen
1|19|VESZPRÉM  |03|00049915|00000112|00000001|00050026|00029797|00029771|00000026|00000423|00029348|0|eredménytelen
1|19|VESZPRÉM  |04|00044507|00000422|00000001|00044928|00026920|00026910|00000014|00000375|00026535|0|eredménytelen
1|19|VESZPRÉM  |05|00051293|00000134|00000002|00051425|00028978|00028956|00000022|00000424|00028532|0|eredménytelen
1|19|VESZPRÉM  |06|00027129|00000265|00000000|00027394|00017643|00017607|00000036|00000229|00017378|0|eredménytelen
1|19|VESZPRÉM  |07|00038105|00000208|00000005|00038308|00024233|00024215|00000018|00000226|00023989|0|eredménytelen
1|20|ZALA      |01|00048558|00000160|00000002|00048716|00030813|00030776|00000037|00000247|00030529|0|eredménytelen
1|20|ZALA      |02|00048833|00000101|00000000|00048934|00027538|00027510|00000028|00000485|00027025|0|eredménytelen
1|20|ZALA      |03|00045776|00000788|00000007|00046557|00027338|00027299|00000039|00000306|00026993|0|eredménytelen
1|20|ZALA      |04|00045842|00000116|00000003|00045955|00026303|00026290|00000013|00000424|00025866|0|eredménytelen
1|20|ZALA      |05|00049690|00000101|00000003|00049788|00028193|00028185|00000008|00000598|00027587|0|eredménytelen
2|01|BUDAPEST  |01|00047922|00000313|00000000|00048235|00035905|00035859|00000049|00000402|00035457|1|eredményes
2|01|BUDAPEST  |02|00053112|00000424|00000000|00053536|00040569|00040521|00000048|00000301|00040220|1|eredményes
2|01|BUDAPEST  |03|00050346|00000254|00000000|00050600|00034886|00034833|00000053|00000367|00034466|1|eredményes
2|01|BUDAPEST  |04|00058233|00000287|00000000|00058520|00037858|00037821|00000038|00000373|00037448|1|eredményes
2|01|BUDAPEST  |05|00060217|00000124|00000000|00060341|00037383|00037346|00000037|00000336|00037010|1|eredményes
2|01|BUDAPEST  |06|00044381|00000112|00000000|00044493|00027252|00027237|00000016|00000194|00027043|1|eredményes
2|01|BUDAPEST  |07|00040061|00000208|00000000|00040269|00027634|00027592|00000042|00000249|00027343|1|eredményes
2|01|BUDAPEST  |08|00040811|00000189|00000001|00040999|00025487|00025451|00000036|00000276|00025175|1|eredményes
2|01|BUDAPEST  |09|00039582|00000221|00000001|00039802|00023388|00023345|00000043|00000359|00022986|1|eredményes
2|01|BUDAPEST  |10|00036943|00000226|00000000|00037169|00022421|00022387|00000035|00000276|00022111|1|eredményes
2|01|BUDAPEST  |11|00045431|00000289|00000000|00045720|00024101|00024073|00000028|00000344|00023729|1|eredményes
2|01|BUDAPEST  |12|00035892|00000189|00000000|00036081|00021239|00021216|00000023|00000382|00020834|1|eredményes
2|01|BUDAPEST  |13|00039537|00000129|00000001|00039665|00023389|00023362|00000027|00000300|00023062|1|eredményes
2|01|BUDAPEST  |14|00046451|00000189|00000000|00046640|00027889|00027864|00000025|00000318|00027546|1|eredményes
2|01|BUDAPEST  |15|00037841|00000288|00000000|00038129|00027804|00027762|00000042|00000214|00027548|1|eredményes
2|01|BUDAPEST  |16|00046329|00000257|00000000|00046586|00032135|00032113|00000022|00000157|00031956|1|eredményes
2|01|BUDAPEST  |17|00034655|00000242|00000003|00034894|00025749|00025731|00000018|00000193|00025538|1|eredményes
2|01|BUDAPEST  |18|00054747|00000277|00000000|00055024|00041247|00041193|00000054|00000288|00040905|1|eredményes
2|01|BUDAPEST  |19|00043743|00000219|00000000|00043962|00028876|00028820|00000056|00000275|00028545|1|eredményes
2|01|BUDAPEST  |20|00040971|00000178|00000002|00041147|00024583|00024556|00000027|00000237|00024319|1|eredményes
2|01|BUDAPEST  |21|00050056|00000171|00000009|00050218|00033025|00033002|00000023|00000338|00032664|1|eredményes
2|01|BUDAPEST  |22|00051966|00000199|00000008|00052157|00035596|00035559|00000037|00000394|00035165|1|eredményes
2|01|BUDAPEST  |23|00048975|00000085|00000000|00049060|00030701|00030683|00000021|00000390|00030293|1|eredményes
2|01|BUDAPEST  |24|00056741|00000335|00000000|00057076|00038374|00038356|00000018|00000331|00038025|1|eredményes
2|01|BUDAPEST  |25|00061831|00000231|00000000|00062062|00038377|00038349|00000028|00000359|00037990|1|eredményes
2|01|BUDAPEST  |26|00041959|00000122|00000000|00042081|00026244|00026219|00000025|00000245|00025974|1|eredményes
2|01|BUDAPEST  |27|00056413|00000158|00000000|00056571|00033692|00033673|00000019|00000234|00033439|1|eredményes
2|01|BUDAPEST  |28|00053941|00000195|00000000|00054136|00033967|00033911|00000056|00000334|00033577|1|eredményes
2|01|BUDAPEST  |29|00048425|00000142|00000004|00048563|00029039|00029017|00000022|00000421|00028596|1|eredményes
2|01|BUDAPEST  |30|00033310|00000094|00000000|00033404|00018327|00018311|00000016|00000255|00018056|1|eredményes
2|01|BUDAPEST  |31|00032953|00000073|00000000|00033026|00019912|00019895|00000018|00000241|00019654|1|eredményes
2|01|BUDAPEST  |32|00041481|00000197|00000001|00041677|00027513|00027495|00000018|00000292|00027203|1|eredményes
2|02|BARANYA   |01|00050135|00000263|00000000|00050398|00029061|00029050|00000011|00000281|00028769|1|eredményes
2|02|BARANYA   |02|00044384|00000392|00000000|00044776|00029249|00029232|00000018|00000205|00029027|1|eredményes
2|02|BARANYA   |03|00050301|00000144|00000000|00050445|00029839|00029824|00000015|00000193|00029631|1|eredményes
2|02|BARANYA   |04|00046889|00000059|00000000|00046948|00025660|00025655|00000005|00000239|00025416|1|eredményes
2|02|BARANYA   |05|00052588|00000085|00000000|00052673|00030788|00030780|00000008|00000282|00030498|1|eredményes
2|02|BARANYA   |06|00043996|00000056|00000001|00044051|00022709|00022702|00000007|00000297|00022405|1|eredményes
2|02|BARANYA   |07|00035733|00000034|00000000|00035767|00017611|00017607|00000004|00000284|00017323|1|eredményes
2|03|BÁCS      |01|00046591|00000138|00000021|00046708|00026953|00026939|00000016|00000317|00026622|1|eredményes
2|03|BÁCS      |02|00036222|00000108|00000021|00036309|00020151|00020134|00000017|00000278|00019856|1|eredményes
2|03|BÁCS      |03|00040669|00000097|00000000|00040766|00019370|00019366|00000004|00000264|00019102|1|eredményes
2|03|BÁCS      |04|00047128|00000069|00000000|00047197|00022226|00022215|00000011|00000330|00021885|1|eredményes
2|03|BÁCS      |05|00041913|00000036|00000001|00041948|00020494|00020491|00000003|00000193|00020298|1|eredményes
2|03|BÁCS      |06|00043436|00000044|00000000|00043480|00022876|00022864|00000014|00000216|00022648|1|eredményes
2|03|BÁCS      |07|00044693|00000097|00000000|00044790|00024445|00024431|00000014|00000357|00024074|1|eredményes
2|03|BÁCS      |08|00040864|00000071|00000000|00040935|00021293|00021285|00000008|00000185|00021100|1|eredményes
2|03|BÁCS      |09|00049575|00000125|00000000|00049700|00027331|00027319|00000012|00000240|00027079|1|eredményes
2|03|BÁCS      |10|00039928|00000040|00000001|00039967|00019229|00019224|00000005|00000188|00019036|1|eredményes
2|04|BÉKÉS     |01|00053460|00000107|00000013|00053554|00031486|00031462|00000024|00000226|00031236|1|eredményes
2|04|BÉKÉS     |02|00050833|00000185|00000004|00051014|00024866|00024841|00000025|00000384|00024457|1|eredményes
2|04|BÉKÉS     |03|00039006|00000025|00000000|00039031|00020077|00020071|00000006|00000321|00019750|1|eredményes
2|04|BÉKÉS     |04|00040168|00000020|00000000|00040188|00018572|00018567|00000005|00000265|00018302|1|eredményes
2|04|BÉKÉS     |05|00039592|00000053|00000003|00039642|00020744|00020733|00000012|00000297|00020436|1|eredményes
2|04|BÉKÉS     |06|00053494|00000055|00000001|00053548|00030037|00030017|00000020|00000414|00029603|1|eredményes
2|04|BÉKÉS     |07|00044927|00000036|00000000|00044963|00021313|00021309|00000004|00000351|00020958|1|eredményes
2|05|BORSOD    |01|00044228|00000058|00000002|00044284|00024850|00024837|00000013|00000301|00024536|1|eredményes
2|05|BORSOD    |02|00046319|00000184|00000005|00046498|00028798|00028758|00000041|00000221|00028537|1|eredményes
2|05|BORSOD    |03|00046534|00000151|00000006|00046679|00026271|00026263|00000008|00000227|00026036|1|eredményes
2|05|BORSOD    |04|00043629|00000073|00000004|00043698|00025951|00025929|00000022|00000227|00025702|1|eredményes
2|05|BORSOD    |05|00044338|00000031|00000000|00044369|00021722|00021714|00000008|00000257|00021457|1|eredményes
2|05|BORSOD    |06|00037713|00000022|00000001|00037734|00019251|00019245|00000006|00000190|00019055|1|eredményes
2|05|BORSOD    |07|00042324|00000066|00000001|00042389|00022462|00022451|00000011|00000163|00022288|1|eredményes
2|05|BORSOD    |08|00037607|00000040|00000000|00037647|00021172|00021167|00000005|00000215|00020952|1|eredményes
2|05|BORSOD    |09|00047287|00000036|00000001|00047322|00025182|00025174|00000008|00000499|00024675|1|eredményes
2|05|BORSOD    |10|00049963|00000078|00000001|00050040|00025939|00025929|00000010|00000389|00025540|1|eredményes
2|05|BORSOD    |11|00048907|00000041|00000001|00048947|00021898|00021886|00000012|00000765|00021121|1|eredményes
2|05|BORSOD    |12|00050010|00000032|00000002|00050040|00025499|00025490|00000010|00000272|00025218|1|eredményes
2|05|BORSOD    |13|00045290|00000054|00000000|00045344|00025848|00025844|00000004|00000303|00025541|1|eredményes
2|06|CSONGRÁD  |01|00050508|00000232|00000000|00050740|00029805|00029774|00000031|00000209|00029565|1|eredményes
2|06|CSONGRÁD  |02|00059270|00000288|00000000|00059558|00031821|00031804|00000017|00000422|00031382|1|eredményes
2|06|CSONGRÁD  |03|00055512|00000182|00000000|00055694|00030283|00030269|00000014|00000253|00030016|1|eredményes
2|06|CSONGRÁD  |04|00047872|00000068|00000004|00047936|00022390|00022381|00000009|00000796|00021585|1|eredményes
2|06|CSONGRÁD  |05|00037121|00000053|00000000|00037174|00018241|00018231|00000010|00000285|00017946|1|eredményes
2|06|CSONGRÁD  |07|00041020|00000029|00000000|00041049|00019642|00019637|00000005|00000197|00019440|1|eredményes
2|07|FEJÉR     |01|00045867|00000086|00000005|00045948|00029219|00029185|00000034|00000117|00029068|1|eredményes
2|07|FEJÉR     |02|00049988|00000084|00000009|00050063|00029646|00029617|00000030|00000224|00029393|1|eredményes
2|07|FEJÉR     |03|00044416|00000060|00000000|00044476|00025898|00025878|00000020|00000237|00025641|1|eredményes
2|07|FEJÉR     |04|00050165|00000395|00000000|00050560|00025746|00025739|00000008|00000280|00025459|1|eredményes
2|07|FEJÉR     |05|00047552|00000071|00000000|00047623|00025858|00025848|00000010|00000263|00025585|1|eredményes
2|07|FEJÉR     |06|00047494|00000055|00000000|00047549|00021942|00021938|00000004|00000408|00021530|1|eredményes
2|07|FEJÉR     |07|00045376|00000129|00000003|00045502|00023943|00023938|00000006|00000313|00023625|1|eredményes
2|08|GYÕR      |01|00052140|00000071|00000000|00052211|00028283|00028276|00000007|00000436|00027840|1|eredményes
2|08|GYÕR      |02|00051479|00000162|00000000|00051641|00033801|00033775|00000026|00000262|00033513|1|eredményes
2|08|GYÕR      |03|00050721|00000099|00000000|00050820|00032498|00032479|00000019|00000152|00032327|1|eredményes
2|08|GYÕR      |04|00046665|00000098|00000001|00046762|00026987|00026981|00000006|00000282|00026699|1|eredményes
2|08|GYÕR      |05|00044878|00000038|00000002|00044914|00026928|00026919|00000009|00000335|00026584|1|eredményes
2|08|GYÕR      |06|00044758|00000054|00000000|00044812|00027886|00027874|00000012|00000304|00027570|1|eredményes
2|08|GYÕR      |07|00049246|00000345|00000000|00049591|00031957|00031940|00000017|00000145|00031795|1|eredményes
2|09|HAJDÚ     |01|00060022|00000217|00000000|00060239|00035802|00035747|00000055|00001338|00034409|1|eredményes
2|09|HAJDÚ     |02|00049625|00000142|00000000|00049767|00030632|00030580|00000052|00000914|00029666|1|eredményes
2|09|HAJDÚ     |03|00053993|00000282|00000000|00054275|00035931|00035861|00000070|00000958|00034903|1|eredményes
2|09|HAJDÚ     |04|00044310|00000109|00000000|00044419|00021127|00021115|00000013|00000451|00020664|1|eredményes
2|09|HAJDÚ     |05|00044218|00000062|00000004|00044276|00023780|00023771|00000009|00000957|00022814|1|eredményes
2|09|HAJDÚ     |06|00041217|00000034|00000003|00041248|00022186|00022179|00000007|00000286|00021893|1|eredményes
2|09|HAJDÚ     |07|00049165|00000117|00000001|00049281|00025270|00025251|00000019|00000294|00024957|1|eredményes
2|09|HAJDÚ     |08|00038079|00000051|00000000|00038130|00020059|00020047|00000012|00000989|00019058|1|eredményes
2|09|HAJDÚ     |09|00045665|00000097|00000002|00045760|00025259|00025244|00000015|00000274|00024970|1|eredményes
2|10|HEVES     |01|00050590|00000275|00000000|00050865|00032577|00032561|00000016|00000178|00032383|1|eredményes
2|10|HEVES     |02|00038580|00000076|00000001|00038655|00020262|00020261|00000001|00000310|00019951|1|eredményes
2|10|HEVES     |03|00050564|00000139|00000002|00050701|00030099|00030075|00000024|00000346|00029729|1|eredményes
2|10|HEVES     |04|00046060|00000063|00000000|00046123|00023690|00023682|00000008|00000304|00023378|1|eredményes
2|10|HEVES     |05|00040392|00000055|00000001|00040446|00019459|00019445|00000014|00000443|00019002|1|eredményes
2|10|HEVES     |06|00035831|00000041|00000004|00035868|00018404|00018403|00000001|00000198|00018205|1|eredményes
2|11|JÁSZ      |01|00038277|00000065|00000000|00038342|00018309|00018300|00000009|00000308|00017992|1|eredményes
2|11|JÁSZ      |02|00033067|00000029|00000000|00033096|00015664|00015657|00000007|00000262|00015395|1|eredményes
2|11|JÁSZ      |03|00046546|00000060|00000000|00046606|00024567|00024564|00000003|00000266|00024298|1|eredményes
2|11|JÁSZ      |04|00048398|00000129|00000000|00048527|00028221|00028211|00000010|00000365|00027846|1|eredményes
2|11|JÁSZ      |05|00038046|00000058|00000001|00038103|00018357|00018347|00000010|00000242|00018105|1|eredményes
2|11|JÁSZ      |06|00035685|00000046|00000000|00035731|00018242|00018232|00000010|00000255|00017977|1|eredményes
2|11|JÁSZ      |07|00046779|00000050|00000000|00046829|00022169|00022159|00000010|00000357|00021802|1|eredményes
2|11|JÁSZ      |08|00046697|00000069|00000000|00046766|00022785|00022776|00000009|00000264|00022512|1|eredményes
2|12|KOMÁROM   |01|00057559|00000074|00000000|00057633|00031766|00031726|00000040|00000201|00031525|1|eredményes
2|12|KOMÁROM   |02|00044989|00000103|00000001|00045091|00025778|00025766|00000012|00000268|00025498|1|eredményes
2|12|KOMÁROM   |03|00046249|00000060|00000000|00046309|00025081|00025073|00000011|00000229|00024844|1|eredményes
2|12|KOMÁROM   |04|00049427|00000093|00000001|00049519|00027475|00027467|00000008|00000363|00027104|1|eredményes
2|12|KOMÁROM   |05|00047189|00000148|00000000|00047337|00027336|00027317|00000019|00000266|00027051|1|eredményes
2|13|NÓGRÁD    |01|00046111|00000100|00000001|00046210|00026330|00026316|00000014|00000191|00026125|1|eredményes
2|13|NÓGRÁD    |02|00046698|00000070|00000000|00046768|00023234|00023228|00000007|00000298|00022930|1|eredményes
2|13|NÓGRÁD    |03|00039281|00000044|00000000|00039325|00021226|00021218|00000008|00000179|00021039|1|eredményes
2|13|NÓGRÁD    |04|00044712|00000082|00000000|00044794|00026008|00026002|00000007|00000194|00025808|1|eredményes
2|14|PEST      |01|00041863|00000205|00000003|00042065|00023421|00023406|00000015|00000516|00022890|1|eredményes
2|14|PEST      |02|00041752|00000199|00000008|00041943|00025863|00025843|00000020|00000289|00025554|1|eredményes
2|14|PEST      |03|00044410|00000206|00000000|00044616|00026210|00026205|00000005|00000141|00026064|1|eredményes
2|14|PEST      |04|00059284|00000197|00000000|00059481|00035033|00035012|00000021|00000278|00034734|1|eredményes
2|14|PEST      |05|00039997|00000110|00000001|00040106|00021306|00021292|00000015|00000429|00020863|1|eredményes
2|14|PEST      |06|00055220|00000150|00000000|00055370|00026468|00026458|00000011|00000385|00026073|1|eredményes
2|14|PEST      |07|00058479|00000153|00000000|00058632|00031702|00031676|00000026|00000519|00031157|1|eredményes
2|14|PEST      |08|00056932|00000216|00000000|00057148|00032928|00032906|00000022|00000289|00032617|1|eredményes
2|14|PEST      |09|00044503|00000228|00000000|00044731|00027426|00027407|00000019|00000270|00027137|1|eredményes
2|14|PEST      |10|00051050|00000268|00000003|00051315|00032604|00032584|00000020|00000418|00032166|1|eredményes
2|14|PEST      |11|00048221|00000389|00000000|00048610|00030869|00030835|00000034|00000275|00030560|1|eredményes
2|14|PEST      |12|00054641|00000176|00000002|00054815|00029217|00029191|00000026|00000475|00028716|1|eredményes
2|14|PEST      |13|00057397|00000274|00000002|00057669|00028874|00028859|00000015|00000278|00028581|1|eredményes
2|14|PEST      |14|00050265|00000087|00000004|00050348|00023964|00023957|00000007|00000272|00023685|1|eredményes
2|14|PEST      |15|00051477|00000109|00000000|00051586|00026717|00026700|00000017|00000282|00026418|1|eredményes
2|14|PEST      |16|00040834|00000059|00000000|00040893|00019119|00019111|00000008|00000246|00018865|1|eredményes
2|15|SOMOGY    |01|00040711|00000178|00000000|00040889|00024266|00024245|00000021|00000233|00024012|1|eredményes
2|15|SOMOGY    |02|00050671|00000089|00000000|00050760|00027010|00027004|00000007|00000394|00026610|1|eredményes
2|15|SOMOGY    |03|00046672|00000409|00000001|00047080|00026403|00026392|00000011|00000292|00026100|1|eredményes
2|15|SOMOGY    |04|00042643|00000539|00000000|00043182|00024098|00024093|00000005|00000245|00023848|1|eredményes
2|15|SOMOGY    |05|00043149|00000052|00000000|00043201|00021925|00021916|00000009|00000310|00021606|1|eredményes
2|15|SOMOGY    |06|00043864|00000058|00000000|00043922|00021873|00021868|00000005|00000178|00021690|1|eredményes
2|16|SZABOLCS  |01|00048879|00000224|00000000|00049103|00031368|00031323|00000045|00000649|00030674|1|eredményes
2|16|SZABOLCS  |02|00050218|00000122|00000000|00050340|00030077|00030046|00000031|00000591|00029455|1|eredményes
2|16|SZABOLCS  |03|00043737|00000042|00000000|00043779|00022582|00022559|00000023|00000399|00022160|1|eredményes
2|16|SZABOLCS  |04|00045322|00000050|00000016|00045356|00021339|00021336|00000004|00000230|00021106|1|eredményes
2|16|SZABOLCS  |05|00043784|00000053|00000001|00043836|00023948|00023939|00000009|00000415|00023524|1|eredményes
2|16|SZABOLCS  |06|00042390|00000052|00000001|00042441|00024620|00024614|00000006|00000502|00024112|1|eredményes
2|16|SZABOLCS  |07|00044074|00000031|00000000|00044105|00024455|00024452|00000003|00000427|00024025|1|eredményes
2|16|SZABOLCS  |08|00040910|00000026|00000000|00040936|00022516|00022497|00000019|00000917|00021580|1|eredményes
2|16|SZABOLCS  |09|00043380|00000037|00000000|00043417|00025125|00025109|00000016|00000804|00024305|1|eredményes
2|16|SZABOLCS  |10|00037215|00000029|00000000|00037244|00023140|00023104|00000036|00001116|00021988|1|eredményes
2|17|TOLNA     |01|00052812|00000069|00000002|00052879|00030503|00030494|00000009|00000208|00030286|1|eredményes
2|17|TOLNA     |02|00045673|00000079|00000000|00045752|00024453|00024443|00000010|00000266|00024177|1|eredményes
2|17|TOLNA     |03|00036806|00000039|00000000|00036845|00022589|00022581|00000008|00000219|00022362|1|eredményes
2|17|TOLNA     |04|00028750|00000049|00000000|00028799|00015457|00015450|00000007|00000137|00015313|1|eredményes
2|17|TOLNA     |05|00035057|00000046|00000000|00035103|00017790|00017788|00000002|00000212|00017576|1|eredményes
2|18|VAS       |01|00041345|00000132|00000000|00041477|00027821|00027808|00000013|00000150|00027658|1|eredményes
2|18|VAS       |02|00040556|00000062|00000000|00040618|00025556|00025548|00000009|00000156|00025392|1|eredményes
2|18|VAS       |03|00041560|00000094|00000002|00041652|00026549|00026541|00000008|00000248|00026293|1|eredményes
2|18|VAS       |04|00045466|00000074|00000000|00045540|00027078|00027068|00000010|00000253|00026815|1|eredményes
2|18|VAS       |05|00044753|00000088|00000003|00044838|00027881|00027876|00000005|00000258|00027618|1|eredményes
2|19|VESZPRÉM  |01|00046903|00000065|00000000|00046968|00026469|00026458|00000011|00000235|00026223|1|eredményes
2|19|VESZPRÉM  |02|00037335|00000747|00000003|00038079|00024824|00024812|00000012|00000253|00024559|1|eredményes
2|19|VESZPRÉM  |03|00049941|00000072|00000000|00050013|00028424|00028397|00000030|00000316|00028081|1|eredményes
2|19|VESZPRÉM  |04|00044554|00000266|00000001|00044819|00026071|00026056|00000015|00000357|00025699|1|eredményes
2|19|VESZPRÉM  |05|00051355|00000081|00000002|00051434|00028479|00028464|00000015|00000284|00028180|1|eredményes
2|19|VESZPRÉM  |06|00027169|00000221|00000000|00027390|00017295|00017277|00000018|00000182|00017095|1|eredményes
2|19|VESZPRÉM  |07|00038163|00000163|00000001|00038325|00024419|00024414|00000005|00000120|00024294|1|eredményes
2|20|ZALA      |01|00048625|00000114|00000000|00048739|00030798|00030779|00000019|00000209|00030570|1|eredményes
2|20|ZALA      |02|00048903|00000068|00000000|00048971|00026541|00026525|00000016|00000184|00026341|1|eredményes
2|20|ZALA      |03|00045840|00000404|00000001|00046243|00026471|00026453|00000018|00000268|00026185|1|eredményes
2|20|ZALA      |04|00045837|00000068|00000006|00045899|00026395|00026390|00000005|00000409|00025981|1|eredményes
2|20|ZALA      |05|00049734|00000067|00000000|00049801|00026413|00026404|00000009|00000437|00025967|1|eredményes
