01|3|  1|BUDAPEST TÁRS.                |   4269|  0|  0|
01|3|  2|MIÉP                          |  19461|  0|  0|
01|3|  3|CENTRUM                       |   7504|  0|  0|
01|3|  4|FIDESZ-MPSZ - KDNP            | 331830| 30|  0|
01|3|  5|MUNKÁSPÁRT                    |   5635|  0|  0|
01|3|  6|SZDSZ                         |  99722|  9|  0|
01|3|  7|MDF                           |  35332|  3|  0|
01|3|  8|HUMANISTA PÁRT                |   2764|  0|  0|
01|3|  9|MSZP                          | 267759| 24|  0|
02|1|  1|BARANYAI EMBEREK              |   4157|  2|  0|
02|1|  2|FIDESZ-KDNP                   |  40096| 16|  0|
02|1|  3|MSZP                          |  25643| 11|  0|
02|1|  4|CKÖ BM. SZÖV.                 |   1855|  0|  0|
02|1|  5|ÖBM                           |    747|  0|  0|
02|1|  6|SZDSZ                         |   2922|  0|  0|
02|1|  7|MIÉP                          |    646|  0|  0|
02|1|  8|NYBMK                         |   2196|  0|  0|
02|1|  9|MDF                           |   2979|  0|  0|
02|1| 10|BNÖSZ                         |   1952|  0|  0|
02|1| 11|MVPP                          |    228|  0|  0|
02|1| 12|PKB                           |   1019|  0|  0|
02|1| 13|MUNKÁSPÁRT 2006               |    685|  0|  0|
02|2|  1|FIDESZ-KDNP                   |  11516|  5|  0|
02|2|  2|Hon. Vsz. Egy.                |    653|  0|  0|
02|2|  3|SZDSZ                         |   1003|  0|  0|
02|2|  4|MDF                           |   1794|  1|  0|
02|2|  5|MVPP                          |     45|  0|  0|
02|2|  6|MSZP                          |   9720|  5|  0|
02|2|  7|CKÖ BM. SZÖV.                 |    265|  0|  0|
02|2|  8|PKB                           |    245|  0|  0|
02|2|  9|MUNKÁSPÁRT 2006               |    183|  0|  0|
02|2| 10|M NY P                        |    229|  0|  0|
02|2| 11|ZÖLD DEMOKRATÁK               |    123|  0|  0|
03|1|  1|F.É.P.                        |    470|  0|  0|
03|1|  2|JOBBIK                        |   1435|  0|  0|
03|1|  3|SZDSZ                         |   4675|  1|  0|
03|1|  4|FKGP                          |   2064|  0|  0|
03|1|  5|FIDESZ-KDNP-NF                |  62939| 17|  0|
03|1|  6|MDF                           |   5497|  1|  0|
03|1|  7|MSZP                          |  29312|  8|  0|
03|2|  1|JOBBIK                        |    654|  0|  0|
03|2|  2|CENTRUM                       |    682|  0|  0|
03|2|  3|FIDESZ-KDNP-NF                |  33824| 11|  0|
03|2|  4|MDF                           |   2333|  0|  0|
03|2|  5|SZDSZ                         |   6642|  2|  0|
03|2|  6|FKGP                          |    555|  0|  0|
03|2|  7|MSZP                          |  18806|  6|  0|
04|1|  1|MUNKÁSPÁRT                    |   1341|  0|  0|
04|1|  2|MDF                           |   2759|  0|  0|
04|1|  3|FIDESZ-KDNP-Gazdakörök        |  34849| 13|  0|
04|1|  4|M NY P                        |   1125|  0|  0|
04|1|  5|SZDSZ                         |   3973|  1|  0|
04|1|  6|JOBBIK-FKGP                   |    824|  0|  0|
04|1|  7|CENTRUM                       |    646|  0|  0|
04|1|  8|MSZP                          |  22321|  8|  0|
04|1|  9|ÖBME                          |   1338|  0|  0|
04|1| 10|NYUP                          |   1387|  0|  0|
04|2|  1|CENTRUM                       |    351|  0|  0|
04|2|  2|Ö.M.E.                        |    874|  0|  0|
04|2|  3|ÖGYE                          |    380|  0|  0|
04|2|  4|JOBBIK-FKGP                   |    571|  0|  0|
04|2|  5|VÁROSBARÁTOK                  |    656|  0|  0|
04|2|  6|ÖBME                          |    670|  0|  0|
04|2|  7|OROSHÁZI CIVILEK              |    619|  0|  0|
04|2|  8|MUNKÁSPÁRT                    |    396|  0|  0|
04|2|  9|MSZP                          |  19099|  7|  0|
04|2| 10|SZDSZ                         |   2076|  0|  0|
04|2| 11|NYUP                          |    943|  0|  0|
04|2| 12|FIDESZ-KDNP-Gazdakörök        |  27744| 11|  0|
04|2| 13|KÖRÖSÖK V                     |    895|  0|  0|
04|2| 14|MDF                           |   2141|  0|  0|
05|1|  1|ZTSZ                          |   4200|  0|  0|
05|1|  2|MVPP                          |    961|  0|  0|
05|1|  3|SZDSZ                         |   4219|  0|  0|
05|1|  4|MUNKÁSPÁRT                    |   1953|  0|  0|
05|1|  5|MSZP                          |  60377| 17|  0|
05|1|  6|RPM                           |   1849|  0|  0|
05|1|  7|FIDESZ-KDNP                   |  85985| 23|  0|
05|1|  8|MIÉP                          |   3450|  0|  0|
05|1|  9|FKGP                          |   1484|  0|  0|
05|1| 10|MDF                           |   4849|  0|  0|
05|2|  1|MIÉP                          |   1307|  0|  0|
05|2|  2|ZTSZ                          |    812|  0|  0|
05|2|  3|FIDESZ-KDNP                   |  27738|  9|  0|
05|2|  4|MSZP                          |  29165| 10|  0|
05|2|  5|SZDSZ                         |   2320|  0|  0|
05|2|  6|MUNKÁSPÁRT                    |    515|  0|  0|
05|2|  7|RPM                           |    419|  0|  0|
05|2|  8|MDF                           |   2054|  0|  0|
06|1|  1|MAKÓ ÉS TÉRSÉGE               |   2027|  0|  0|
06|1|  2|SZENTES FELEMELK              |    255|  0|  0|
06|1|  3|MDF                           |   2053|  0|  0|
06|1|  4|HOM                           |    635|  0|  0|
06|1|  5|HOMOKHÁT                      |   5870|  3|  0|
06|1|  6|MG-I SZÖVETSÉG                |   1174|  0|  0|
06|1|  7|MSZP-SZDSZ                    |  16276|  9|  0|
06|1|  8|KIST.FEJL.E.                  |   1976|  0|  0|
06|1|  9|JOBBIK-FKGP-MFP               |    834|  0|  0|
06|1| 10|EGYMÁSÉRT                     |    991|  0|  0|
06|1| 11|MSZDP                         |    256|  0|  0|
06|1| 12|FIDESZ-KDNP-KPE-NF-MAGOSZ-VP  |  22928| 13|  0|
06|2|  1|JME                           |    505|  0|  0|
06|2|  2|VÁROSÉPÍTÕK                   |    158|  0|  0|
06|2|  3|MUNKÁSPÁRT                    |    179|  0|  0|
06|2|  4|FIDESZ-KDNP-KPE-NF-MAGOSZ-VP  |   9835|  7|  0|
06|2|  5|CSONGRÁDÉRT                   |    913|  0|  0|
06|2|  6|MSZP-SZDSZ                    |  11099|  7|  0|
06|2|  7|FÜGGETLENEK                   |    146|  0|  0|
06|2|  8|JOBBIK-FKGP-MFP               |    158|  0|  0|
06|2|  9|SZENTES FELEMELK              |    767|  0|  0|
06|2| 10|CENTRUM-FKSZ                  |    129|  0|  0|
06|2| 11|PSZM                          |   1423|  1|  0|
06|2| 12|EGYÜTTSZENTESÉRT              |    175|  0|  0|
06|2| 13|JCSE                          |    496|  0|  0|
06|2| 14|MDF                           |    252|  0|  0|
07|1|  1|PFM                           |   5510|  2|  0|
07|1|  2|MDF                           |   3490|  0|  0|
07|1|  3|FIDESZ-KDNP-NF                |  45510| 19|  0|
07|1|  4|RODOSZ                        |    535|  0|  0|
07|1|  5|FETE                          |   4457|  2|  0|
07|1|  6|MVJE                          |    380|  0|  0|
07|1|  7|MSZP                          |  26856| 11|  0|
07|1|  8|MIÉP                          |   1361|  0|  0|
07|1|  9|SZDSZ                         |   2238|  0|  0|
07|1| 10|MUNKÁSPÁRT                    |    730|  0|  0|
07|2|  1|PFM                           |    374|  0|  0|
07|2|  2|SZDSZ                         |    410|  0|  0|
07|2|  3|MIÉP                          |    204|  0|  0|
07|2|  4|MDF                           |    311|  0|  0|
07|2|  5|MVJE                          |    931|  0|  0|
07|2|  6|MSZP                          |   5767|  3|  0|
07|2|  7|FIDESZ-KDNP-NF                |   7857|  3|  0|
08|1|  1|MDF                           |   5851|  2|  0|
08|1|  2|NÖME                          |    697|  0|  0|
08|1|  3|FKGP                          |    874|  0|  0|
08|1|  4|MSZP                          |  23067|  9|  0|
08|1|  5|GYMSME                        |   3080|  0|  0|
08|1|  6|FIDESZ-KDNP                   |  51172| 20|  0|
08|1|  7|MNYLVE                        |   2532|  0|  0|
08|1|  8|NF                            |   3677|  1|  0|
08|2|  1|FIDESZ-KDNP                   |  11909|  6|  0|
08|2|  2|FKGP-MIÉP-MVPP                |    320|  0|  0|
08|2|  3|MSZP                          |   7415|  3|  0|
08|2|  4|GYMSME-MVE-SZÜLÕFÖLDÜNKÉRT    |   1179|  0|  0|
08|2|  5|MDF                           |   1264|  0|  0|
08|2|  6|MNYLVE                        |    573|  0|  0|
09|1|  1|MDF                           |   3250|  1|  0|
09|1|  2|HBM Polgármester              |   2555|  0|  0|
09|1|  3|MVPP                          |    977|  0|  0|
09|1|  4|MSZP                          |  24134|  8|  0|
09|1|  5|NYÉRE                         |   2963|  0|  0|
09|1|  6|MIÉP                          |   1578|  0|  0|
09|1|  7|BIÖSZ                         |    819|  0|  0|
09|1|  8|SZDSZ                         |   2206|  0|  0|
09|1|  9|FKGP                          |   1082|  0|  0|
09|1| 10|FIDESZ-KDNP-MAGOSZ            |  41206| 15|  0|
09|2|  1|FKGP                          |    555|  0|  0|
09|2|  2|FIDESZ-KDNP-MAGOSZ            |  28241|  8|  0|
09|2|  3|KISZÖV                        |    679|  0|  0|
09|2|  4|Hajdúvárosok Sz.              |   3226|  1|  0|
09|2|  5|MIÉP-MVPP                     |    762|  0|  0|
09|2|  6|SZDSZ                         |   2597|  1|  0|
09|2|  7|MSZP                          |  16188|  5|  0|
09|2|  8|HBFE                          |    502|  0|  0|
09|2|  9|MDF                           |   3206|  1|  0|
09|2| 10|Civilek HB Egyes              |    732|  0|  0|
10|1|  1|MIÉP                          |   2072|  0|  0|
10|1|  2|ÖHME                          |   2335|  0|  0|
10|1|  3|SZDSZ                         |   2738|  0|  0|
10|1|  4|MSZP                          |  34052| 14|  0|
10|1|  5|MDF                           |   3291|  0|  0|
10|1|  6|FIDESZ-KDNP-VP-KPE-MAGOSZ     |  37180| 16|  0|
10|1|  7|MUNKÁSPÁRT 2006               |   1209|  0|  0|
10|1|  8|FALUGAZDA                     |    666|  0|  0|
10|1|  9|NYUVE                         |   1894|  0|  0|
10|2|  1|MSZP                          |  11167|  6|  0|
10|2|  2|SZDSZ                         |   1215|  0|  0|
10|2|  3|FALUGAZDA                     |     60|  0|  0|
10|2|  4|LOKÁLPATRIOTA GY              |    516|  0|  0|
10|2|  5|MDF                           |    706|  0|  0|
10|2|  6|ÖHME                          |    728|  0|  0|
10|2|  7|LOKÁLPATRIÓTÁK H              |    640|  0|  0|
10|2|  8|FIDESZ-KDNP-VP-KPE-MAGOSZ     |   8979|  4|  0|
10|2|  9|MIÉP                          |    414|  0|  0|
10|2| 10|MUNKÁSPÁRT 2006               |    152|  0|  0|
11|1|  1|FIDESZ-KDNP                   |  36646| 12|  0|
11|1|  2|MSZP                          |  26249|  8|  0|
11|1|  3|IPARTESTÜLETEK                |    978|  0|  0|
11|1|  4|MDF                           |   3014|  0|  0|
11|1|  5|MPSZ                          |    877|  0|  0|
11|1|  6|SZDSZ                         |   3397|  1|  0|
11|1|  7|F I R O S Z                   |   1565|  0|  0|
11|1|  8|MUNKÁSPÁRT                    |    968|  0|  0|
11|1|  9|JÖSZ                          |   1618|  0|  0|
11|1| 10|TISZAMENTIEK SZÖVETSÉGE       |   3655|  1|  0|
11|2|  1|MDF                           |   1972|  1|  0|
11|2|  2|MSZP                          |  15782|  6|  0|
11|2|  3|SZDSZ                         |   2881|  1|  0|
11|2|  4|FIDESZ-KDNP                   |  23599| 10|  0|
11|2|  5|MUNKÁSPÁRT                    |    632|  0|  0|
11|2|  6|MPSZ                          |    641|  0|  0|
12|1|  1|BÖSZ                          |   1453|  0|  0|
12|1|  2|MDF                           |   1587|  0|  0|
12|1|  3|SZÖVETSÉG A MEGYÉÉRT PKTSZ-VP |    275|  0|  0|
12|1|  4|MSZP                          |  16038|  8|  0|
12|1|  5|KSZ                           |    613|  0|  0|
12|1|  6|MUNKÁSPÁRT 2006               |    311|  0|  0|
12|1|  7|FIDESZ-KDNP                   |  23734| 12|  0|
12|1|  8|EKTE                          |    892|  0|  0|
12|1|  9|POLGÁRMESTEREK                |   4025|  2|  0|
12|1| 10|PGMNE                         |    942|  0|  0|
12|1| 11|KÉVE                          |    722|  0|  0|
12|1| 12|SZDSZ                         |   1313|  0|  0|
12|1| 13|MUNKÁSPÁRT                    |    209|  0|  0|
12|1| 14|TKE                           |    471|  0|  0|
12|2|  1|KSZ                           |    108|  0|  0|
12|2|  2|MDF                           |   1711|  1|  0|
12|2|  3|CENTRUM                       |    329|  0|  0|
12|2|  4|SZDE                          |     98|  0|  0|
12|2|  5|ÉLET                          |    102|  0|  0|
12|2|  6|TKE                           |    405|  0|  0|
12|2|  7|SZDSZ                         |   2507|  1|  0|
12|2|  8|MSZP                          |  15848|  7|  0|
12|2|  9|SZÖVETSÉG A MEGYÉÉRT PKTSZ-VP |    327|  0|  0|
12|2| 10|EKTE                          |    132|  0|  0|
12|2| 11|FIDESZ-KDNP                   |  20011|  9|  0|
12|2| 12|KEM Nyugdíjasok               |    535|  0|  0|
12|2| 13|MUNKÁSPÁRT 2006               |    209|  0|  0|
13|1|  1|MUNKÁSPÁRT                    |   1119|  0|  0|
13|1|  2|MSZP                          |  22388| 11|  0|
13|1|  3|FIDESZ-KDNP                   |  34871| 17|  0|
13|1|  4|MIÉP-JOBBIK-FKGP              |   1434|  0|  0|
13|1|  5|MDF                           |   4148|  2|  0|
13|1|  6|903                           |   1103|  0|  0|
13|1|  7|SZDSZ                         |   1502|  0|  0|
13|1|  8|MUNKÁSPÁRT 2006               |    805|  0|  0|
13|2|  1|MSZP                          |   5254|  5|  0|
13|2|  2|MIÉP-JOBBIK-FKGP              |    173|  0|  0|
13|2|  3|MUNKÁSPÁRT 2006               |    214|  0|  0|
13|2|  4|MDF                           |    368|  0|  0|
13|2|  5|MUNKÁSPÁRT                    |    194|  0|  0|
13|2|  6|FKSZ                          |    303|  0|  0|
13|2|  7|SZDSZ                         |    456|  0|  0|
13|2|  8|FIDESZ-KDNP                   |   4780|  5|  0|
14|1|  1|PMTE-ÉLÕLÁNC                  |   3064|  0|  0|
14|1|  2|MSZP                          |  63854| 13|  0|
14|1|  3|MDF                           |  10096|  2|  0|
14|1|  4|FIDESZ-KDNP                   | 106773| 21|  0|
14|1|  5|MÖSZ-PMKIK                    |   3708|  0|  0|
14|1|  6|DUNAKANYAR KPE                |    495|  0|  0|
14|1|  7|MIÉP                          |   4353|  0|  0|
14|1|  8|SZDSZ                         |   8018|  2|  0|
14|2|  1|SZDSZ                         |  14192|  3|  0|
14|2|  2|MÖSZ-PMKIK                    |   5728|  0|  0|
14|2|  3|ÉLÕLÁNC                       |   1731|  0|  0|
14|2|  4|MSZP                          |  79738| 15|  0|
14|2|  5|FKSZ                          |   6357|  0|  0|
14|2|  6|DUNAKANYAR KPE                |    505|  0|  0|
14|2|  7|MDF                           |  10113|  2|  0|
14|2|  8|FIDESZ-KDNP                   | 112044| 22|  0|
14|2|  9|MIÉP                          |   4988|  0|  0|
15|1|  1|SOMOGYÉRT                     |  26001|  9|  0|
15|1|  2|FIDESZ-KDNP                   |  43191| 15|  0|
15|1|  3|MDF                           |   2591|  0|  0|
15|1|  4|S.E.P.E.                      |    776|  0|  0|
15|1|  5|E.S.E                         |    848|  0|  0|
15|1|  6|SOMOGY POLGÁRAI               |    529|  0|  0|
15|1|  7|MSZP-SZDSZ                    |  19725|  7|  0|
15|2|  1|MDF                           |    413|  0|  0|
15|2|  2|SOMOGYÉRT                     |   2637|  1|  0|
15|2|  3|MSZP-SZDSZ                    |   8272|  3|  0|
15|2|  4|E.S.E                         |    179|  0|  0|
15|2|  5|SOMOGY POLGÁRAI               |    205|  0|  0|
15|2|  6|FIDESZ-KDNP                   |  11804|  5|  0|
15|2|  7|S.E.P.E.                      |    120|  0|  0|
16|1|  1|PEDAGÓGUSOK SZAKSZERVEZETE    |   1902|  0|  0|
16|1|  2|MDF                           |   3982|  0|  0|
16|1|  3|F.P.M                         |   6851|  0|  0|
16|1|  4|SZDSZ                         |   4119|  0|  0|
16|1|  5|JOBBIK                        |   1466|  0|  0|
16|1|  6|MAGYAR SZOCIALISTA PÁRT       |  50270| 13|  0|
16|1|  7|NKPP                          |   1252|  0|  0|
16|1|  8|FIDESZ-MAGOSZ-NF              |  87935| 22|  0|
16|1|  9|ÖSSZEFOGÁS MEGYÉ              |  14434|  4|  0|
16|1| 10|POSZ                          |   1111|  0|  0|
16|2|  1|JOBBIK                        |    325|  0|  0|
16|2|  2|SZDP-MVPP                     |     84|  0|  0|
16|2|  3|PEDAGÓGUSOK SZAKSZERVEZETE    |    426|  0|  0|
16|2|  4|MDF                           |   2845|  1|  0|
16|2|  5|ÖSSZEFOGÁS MEGYÉ              |   2059|  0|  0|
16|2|  6|SZDSZ-A MAGYAR LIBERÁLIS PÁRT |    956|  0|  0|
16|2|  7|F.P.M                         |   1739|  0|  0|
16|2|  8|POSZ                          |    291|  0|  0|
16|2|  9|NKPP                          |     91|  0|  0|
16|2| 10|FIDESZ-MAGOSZ-NF              |  13882|  4|  0|
16|2| 11|MAGYAR SZOCIALISTA PÁRT       |  12233|  4|  0|
16|2| 12|M NY P                        |    497|  0|  0|
17|1|  1|FIDESZ-KDNP                   |  34039| 16|  0|
17|1|  2|MCF                           |    603|  0|  0|
17|1|  3|MSZP                          |  17851|  8|  0|
17|1|  4|TM-i FÜROCE                   |    345|  0|  0|
17|1|  5|SZABAD DEMOKRATÁK SZÖVETSÉGE  |   1674|  0|  0|
17|1|  6|MDF                           |   3367|  2|  0|
17|1|  7|TESZ                          |   2394|  0|  0|
17|1|  8|TMVSZ                         |   1262|  0|  0|
17|2|  1|FIDESZ-KDNP                   |  14451|  9|  0|
17|2|  2|TMVSZ                         |    724|  0|  0|
17|2|  3|MSZP                          |   9800|  6|  0|
17|2|  4|MDF                           |   1009|  0|  0|
17|2|  5|SZABAD DEMOKRATÁK SZÖVETSÉGE  |    899|  0|  0|
17|2|  6|TESZ-VÖLGYSÉGI IPART.         |    524|  0|  0|
18|1|  1|FKNP-KDP                      |    595|  0|  0|
18|1|  2|FIDESZ-KDNP-NF                |  34072| 18|  0|
18|1|  3|MSZP                          |  12208|  7|  0|
18|1|  4|EURÓPAFÓRUM                   |   1727|  0|  0|
18|1|  5|MDF                           |   2356|  0|  0|
18|1|  6|PVME                          |   3904|  2|  0|
18|1|  7|VÖE                           |   4694|  2|  0|
18|1|  8|SZDSZ                         |   1230|  0|  0|
18|1|  9|HVIM                          |    860|  0|  0|
18|2|  1|FKNP-KDP                      |     87|  0|  0|
18|2|  2|MSZP                          |   6692|  4|  0|
18|2|  3|HVIM                          |    478|  0|  0|
18|2|  4|MDF                           |    626|  0|  0|
18|2|  5|SZDSZ                         |    394|  0|  0|
18|2|  6|FIDESZ-KDNP-NF                |  11866|  7|  0|
18|2|  7|EURÓPAFÓRUM                   |   1212|  0|  0|
18|2|  8|VÖE                           |    876|  0|  0|
19|1|  1|FKGP                          |    967|  0|  0|
19|1|  2|MSZP-SZDSZ                    |  25519|  8|  0|
19|1|  3|MDF                           |   6324|  2|  0|
19|1|  4|MIÉP                          |   1633|  0|  0|
19|1|  5|FIDESZ-KDNP                   |  47773| 14|  0|
19|1|  6|MVPP                          |   1521|  0|  0|
19|2|  1|MSZP-SZDSZ                    |  17603|  7|  0|
19|2|  2|FIDESZ-KDNP                   |  24762|  9|  0|
19|2|  3|MIÉP                          |    605|  0|  0|
19|2|  4|MDF                           |   1565|  0|  0|
19|2|  5|KDP-M NY P-MVPP               |    338|  0|  0|
20|1|  1|869                           |   3486|  2|  0|
20|1|  2|SZDSZ                         |   2629|  0|  0|
20|1|  3|MSZP                          |  14928|  9|  0|
20|1|  4|FIDESZ-KDNP                   |  37850| 22|  0|
20|1|  5|Dél-Zaláért                   |   2409|  0|  0|
20|1|  6|920                           |   2178|  0|  0|
20|1|  7|F I R O S Z                   |   1094|  0|  0|
20|1|  8|ZAMESZ                        |    551|  0|  0|
20|1|  9|MDF                           |   2348|  0|  0|
20|1| 10|ZMPPE                         |   3614|  2|  0|
20|1| 11|859                           |   2367|  0|  0|
20|2|  1|SZDSZ                         |    246|  0|  0|
20|2|  2|SZKE                          |    462|  0|  0|
20|2|  3|FIDESZ-KDNP                   |   4841|  3|  0|
20|2|  4|MSZP                          |   2775|  2|  0|
20|2|  5|MDF                           |    199|  0|  0|
20|2|  6|KÁVÉ                          |    231|  0|  0|
