1|01|BUDAPEST                 |01|00054788|00000241|00000029|00055000|00044181|00044012|-0000169|00000346|00043666
1|01|BUDAPEST                 |02|00052557|00000234|00000013|00052778|00042769|00042565|-0000204|00000331|00042234
1|01|BUDAPEST                 |03|00052844|00000202|00000019|00053027|00039491|00039246|-0000245|00000423|00038823
1|01|BUDAPEST                 |04|00052765|00000286|00000042|00053009|00037613|00037387|-0000226|00000890|00036497
1|01|BUDAPEST                 |05|00053443|00000171|00000047|00053567|00035304|00035185|-0000119|00000487|00034698
1|01|BUDAPEST                 |06|00044215|00000103|00000014|00044304|00030073|00029954|-0000119|00000472|00029482
1|01|BUDAPEST                 |07|00049521|00000141|00000027|00049635|00037114|00036897|-0000217|00000646|00036251
1|01|BUDAPEST                 |08|00048321|00000177|00000010|00048488|00034408|00034270|-0000138|00000477|00033793
1|01|BUDAPEST                 |09|00045291|00000202|00000017|00045476|00030220|00030096|-0000124|00000396|00029700
1|01|BUDAPEST                 |10|00042339|00000216|00000103|00042452|00029154|00029029|-0000125|00000645|00028384
1|01|BUDAPEST                 |11|00048156|00000304|00000308|00048152|00030266|00030072|-0000194|00000772|00029300
1|01|BUDAPEST                 |12|00037922|00000297|00000142|00038077|00026641|00026540|-0000101|00000478|00026062
1|01|BUDAPEST                 |13|00041853|00000156|00000049|00041960|00028944|00028817|-0000127|00000687|00028130
1|01|BUDAPEST                 |14|00048324|00000122|00000014|00048432|00031078|00030991|-0000087|00000631|00030360
1|01|BUDAPEST                 |15|00044925|00000210|00000142|00044993|00034961|00034771|-0000190|00000366|00034405
1|01|BUDAPEST                 |16|00050366|00000309|00000034|00050641|00037535|00037399|-0000136|00000303|00037096
1|01|BUDAPEST                 |17|00033526|00000226|00000006|00033746|00026034|00025893|-0000141|00000572|00025321
1|01|BUDAPEST                 |18|00058677|00000292|00000195|00058774|00047251|00047039|-0000212|00000398|00046641
1|01|BUDAPEST                 |19|00047468|00000146|00000017|00047597|00033749|00033627|-0000122|00000627|00033000
1|01|BUDAPEST                 |20|00042587|00000156|00000019|00042724|00028327|00028225|-0000102|00000626|00027599
1|01|BUDAPEST                 |21|00053853|00000257|00000014|00054096|00039268|00039098|-0000170|00000343|00038755
1|01|BUDAPEST                 |22|00054442|00000237|00000043|00054636|00040331|00040194|-0000137|00000504|00039690
1|01|BUDAPEST                 |23|00050877|00000062|00000009|00050930|00035098|00034965|-0000133|00000491|00034474
1|01|BUDAPEST                 |24|00052733|00000272|00000028|00052977|00038963|00038843|-0000120|00000402|00038441
1|01|BUDAPEST                 |25|00052667|00000376|00000001|00053042|00037284|00037172|-0000112|00000760|00036412
1|01|BUDAPEST                 |26|00042975|00000117|00000006|00043086|00029621|00029511|-0000110|00000409|00029102
1|01|BUDAPEST                 |27|00049571|00000191|00000014|00049748|00033291|00033145|-0000146|00000474|00032671
1|01|BUDAPEST                 |28|00054490|00000216|00000093|00054613|00037773|00037617|-0000156|00000594|00037023
1|01|BUDAPEST                 |29|00046497|00000155|00000021|00046631|00031690|00031525|-0000165|00000749|00030776
1|01|BUDAPEST                 |30|00031375|00000134|00000004|00031505|00019682|00019555|-0000127|00000343|00019212
1|01|BUDAPEST                 |31|00031610|00000137|00000001|00031746|00021057|00020966|-0000091|00000673|00020293
1|01|BUDAPEST                 |32|00038142|00000147|00000019|00038270|00027588|00027519|-0000069|00000391|00027128
1|02|BARANYA                  |01|00047452|00000146|00000025|00047573|00031032|00030954|-0000078|00000698|00030256
1|02|BARANYA                  |02|00045399|00000149|00000004|00045544|00032225|00032147|-0000078|00000432|00031715
1|02|BARANYA                  |03|00046180|00000132|00000006|00046306|00029804|00029732|-0000072|00000499|00029233
1|02|BARANYA                  |04|00045881|00000128|00000001|00046008|00028793|00028748|-0000045|00000453|00028295
1|02|BARANYA                  |05|00052863|00000108|00000003|00052968|00037703|00037639|-0000064|00000643|00036996
1|02|BARANYA                  |06|00042914|00000123|00000035|00043002|00027821|00027787|-0000034|00000616|00027171
1|02|BARANYA                  |07|00034678|00000035|00000002|00034711|00020536|00020511|-0000025|00000504|00020007
1|03|BÁCS-KISKUN              |01|00041732|00000210|00000006|00041936|00026516|00026377|-0000139|00000664|00025713
1|03|BÁCS-KISKUN              |02|00033850|00000136|00000008|00033978|00021537|00021488|-0000049|00000462|00021026
1|03|BÁCS-KISKUN              |03|00039335|00000075|00000009|00039401|00021184|00021147|-0000037|00000455|00020692
1|03|BÁCS-KISKUN              |04|00045306|00000121|00000003|00045424|00024952|00024900|-0000052|00000603|00024297
1|03|BÁCS-KISKUN              |05|00041721|00000023|00000001|00041743|00023623|00023572|-0000051|00000523|00023049
1|03|BÁCS-KISKUN              |06|00042795|00000095|00000001|00042889|00026969|00026921|-0000048|00000613|00026308
1|03|BÁCS-KISKUN              |07|00044521|00000121|00000003|00044639|00029530|00029447|-0000083|00000603|00028844
1|03|BÁCS-KISKUN              |08|00039423|00000179|00000006|00039596|00022669|00022624|-0000045|00000458|00022166
1|03|BÁCS-KISKUN              |09|00047613|00000158|00000029|00047742|00031919|00031880|-0000039|00000527|00031353
1|03|BÁCS-KISKUN              |10|00041362|00000054|00000015|00041401|00024594|00024545|-0000049|00000611|00023934
1|04|BÉKÉS                    |01|00051009|00000245|00000006|00051248|00035250|00035145|-0000105|00000529|00034616
1|04|BÉKÉS                    |02|00048722|00000099|00000017|00048804|00029761|00029665|-0000096|00000780|00028885
1|04|BÉKÉS                    |03|00037749|00000050|00000009|00037790|00024731|00024671|-0000060|00000568|00024103
1|04|BÉKÉS                    |04|00039560|00000052|00000003|00039609|00022574|00022521|-0000053|00000801|00021720
1|04|BÉKÉS                    |05|00039895|00000067|00000009|00039953|00028079|00028004|-0000075|00000614|00027390
1|04|BÉKÉS                    |06|00053486|00000091|00000031|00053546|00035408|00035319|-0000089|00000880|00034439
1|04|BÉKÉS                    |07|00045236|00000080|00000009|00045307|00028117|00028067|-0000050|00000683|00027384
1|05|BORSOD-ABAÚJ-ZEMPLÉN     |01|00042887|00000074|00000046|00042915|00027528|00027196|-0000332|00000721|00026475
1|05|BORSOD-ABAÚJ-ZEMPLÉN     |02|00047566|00000198|00000051|00047713|00032274|00031830|-0000444|00000327|00031503
1|05|BORSOD-ABAÚJ-ZEMPLÉN     |03|00041096|00000127|00000008|00041215|00025507|00025408|-0000099|00000542|00024866
1|05|BORSOD-ABAÚJ-ZEMPLÉN     |04|00045209|00000104|00000041|00045272|00029259|00029181|-0000078|00000405|00028776
1|05|BORSOD-ABAÚJ-ZEMPLÉN     |05|00045346|00000090|00000025|00045411|00025871|00025819|-0000052|00000369|00025450
1|05|BORSOD-ABAÚJ-ZEMPLÉN     |06|00037039|00000037|00000006|00037070|00021084|00021051|-0000033|00000404|00020647
1|05|BORSOD-ABAÚJ-ZEMPLÉN     |07|00041134|00000084|00000029|00041189|00022715|00022668|-0000047|00000451|00022217
1|05|BORSOD-ABAÚJ-ZEMPLÉN     |08|00038035|00000065|00000001|00038099|00022589|00022543|-0000046|00000640|00021903
1|05|BORSOD-ABAÚJ-ZEMPLÉN     |09|00047162|00000066|00000030|00047198|00028661|00028527|-0000134|00000963|00027564
1|05|BORSOD-ABAÚJ-ZEMPLÉN     |10|00050736|00000159|00000004|00050891|00030769|00030702|-0000067|00000724|00029978
1|05|BORSOD-ABAÚJ-ZEMPLÉN     |11|00049107|00000086|00000006|00049187|00029852|00029795|-0000057|00000683|00029112
1|05|BORSOD-ABAÚJ-ZEMPLÉN     |12|00047076|00000111|00000006|00047181|00026790|00026742|-0000048|00000641|00026101
1|05|BORSOD-ABAÚJ-ZEMPLÉN     |13|00045501|00000100|00000015|00045586|00030602|00030551|-0000051|00000559|00029992
1|06|CSONGRÁD                 |01|00048378|00000084|00000017|00048445|00031547|00031491|-0000056|00000361|00031130
1|06|CSONGRÁD                 |02|00058447|00000099|00000010|00058536|00039209|00039142|-0000067|00000559|00038583
1|06|CSONGRÁD                 |03|00051415|00000071|00000004|00051482|00032095|00032053|-0000042|00000585|00031468
1|06|CSONGRÁD                 |04|00047128|00000079|00000011|00047196|00027267|00027224|-0000043|00000761|00026463
1|06|CSONGRÁD                 |05|00036881|00000055|00000007|00036929|00022935|00022892|-0000043|00000417|00022475
1|06|CSONGRÁD                 |06|00047418|00000051|00000006|00047463|00031850|00031793|-0000057|00000655|00031138
1|06|CSONGRÁD                 |07|00041804|00000048|00000001|00041851|00025115|00025041|-0000074|00000598|00024443
1|07|FEJÉR                    |01|00044799|00000069|00000072|00044796|00032310|00032236|-0000074|00000308|00031928
1|07|FEJÉR                    |02|00044674|00000064|00000027|00044711|00030906|00030821|-0000085|00000322|00030499
1|07|FEJÉR                    |03|00041923|00000028|00000004|00041947|00026819|00026769|-0000050|00000325|00026444
1|07|FEJÉR                    |04|00043909|00000079|00000009|00043979|00026049|00026006|-0000043|00000684|00025322
1|07|FEJÉR                    |05|00043598|00000055|00000004|00043649|00029612|00029569|-0000043|00000522|00029047
1|07|FEJÉR                    |06|00045818|00000089|00000006|00045901|00026083|00026053|-0000030|00000644|00025409
1|07|FEJÉR                    |07|00041531|00000059|00000004|00041586|00025824|00025776|-0000048|00000632|00025144
1|08|GYŐR-MOSON-SOPRON        |01|00045960|00000055|00000013|00046002|00033432|00033379|-0000053|00000680|00032699
1|08|GYŐR-MOSON-SOPRON        |02|00049808|00000105|00000117|00049796|00038229|00038170|-0000059|00000409|00037761
1|08|GYŐR-MOSON-SOPRON        |03|00044589|00000091|00000062|00044618|00034159|00034088|-0000071|00000590|00033498
1|08|GYŐR-MOSON-SOPRON        |04|00043210|00000090|00000010|00043290|00031997|00031965|-0000032|00000589|00031376
1|08|GYŐR-MOSON-SOPRON        |05|00043729|00000076|00000004|00043801|00033217|00033161|-0000056|00000702|00032459
1|08|GYŐR-MOSON-SOPRON        |06|00043864|00000078|00000021|00043921|00034563|00034512|-0000051|00000701|00033811
1|08|GYŐR-MOSON-SOPRON        |07|00044918|00000113|00000015|00045016|00035833|00035793|-0000040|00000268|00035525
1|09|HAJDÚ-BIHAR              |01|00051756|00000278|00000013|00052021|00031217|00031116|-0000101|00000570|00030546
1|09|HAJDÚ-BIHAR              |02|00046103|00000275|00000370|00046008|00027498|00027441|-0000057|00000587|00026854
1|09|HAJDÚ-BIHAR              |03|00051775|00000217|00000040|00051952|00033830|00033763|-0000067|00000609|00033154
1|09|HAJDÚ-BIHAR              |04|00041439|00000075|00000016|00041498|00017185|00017153|-0000032|00000580|00016573
1|09|HAJDÚ-BIHAR              |05|00044444|00000070|00000002|00044512|00024347|00024296|-0000051|00000671|00023625
1|09|HAJDÚ-BIHAR              |06|00040667|00000029|00000004|00040692|00022880|00022833|-0000047|00000751|00022082
1|09|HAJDÚ-BIHAR              |07|00046978|00000095|00000022|00047051|00026157|00026110|-0000047|00000709|00025401
1|09|HAJDÚ-BIHAR              |08|00036981|00000031|00000021|00036991|00021050|00021011|-0000039|00000601|00020410
1|09|HAJDÚ-BIHAR              |09|00043617|00000062|00000004|00043675|00023149|00023097|-0000052|00000485|00022612
1|10|HEVES                    |01|00047300|00000333|00000068|00047565|00035004|00034736|-0000268|00000380|00034356
1|10|HEVES                    |02|00038734|00000055|00000020|00038769|00025437|00025406|-0000031|00000542|00024864
1|10|HEVES                    |03|00049080|00000161|00000012|00049229|00033436|00033372|-0000064|00000606|00032766
1|10|HEVES                    |04|00045113|00000081|00000010|00045184|00027942|00027901|-0000041|00000609|00027292
1|10|HEVES                    |05|00040855|00000069|00000004|00040920|00023990|00023943|-0000047|00000670|00023273
1|10|HEVES                    |06|00034715|00000072|00000008|00034779|00021541|00021505|-0000036|00000470|00021035
1|11|KOMÁROM-ESZTERGOM        |01|00055331|00000081|00000022|00055390|00033992|00033931|-0000061|00000642|00033289
1|11|KOMÁROM-ESZTERGOM        |02|00042615|00000142|00000002|00042755|00028332|00028286|-0000046|00000504|00027782
1|11|KOMÁROM-ESZTERGOM        |03|00044522|00000053|00000002|00044573|00028467|00028421|-0000046|00000690|00027731
1|11|KOMÁROM-ESZTERGOM        |04|00046459|00000068|00000005|00046522|00030396|00030350|-0000046|00000553|00029797
1|11|KOMÁROM-ESZTERGOM        |05|00044838|00000154|00000021|00044971|00029730|00029688|-0000042|00000441|00029247
1|12|NÓGRÁD                   |01|00045747|00000109|00000016|00045840|00028636|00028588|-0000048|00000422|00028166
1|12|NÓGRÁD                   |02|00047225|00000119|00000010|00047334|00027913|00027880|-0000033|00000724|00027156
1|12|NÓGRÁD                   |03|00039609|00000068|00000016|00039661|00024963|00024930|-0000033|00000449|00024481
1|12|NÓGRÁD                   |04|00043052|00000096|00000011|00043137|00028500|00028450|-0000050|00000406|00028044
1|13|PEST                     |01|00037698|00000092|00000031|00037759|00025450|00025390|-0000060|00000456|00024934
1|13|PEST                     |02|00037390|00000174|00000041|00037523|00025817|00025778|-0000039|00000311|00025467
1|13|PEST                     |03|00037102|00000114|00000012|00037204|00024995|00024914|-0000081|00000428|00024486
1|13|PEST                     |04|00052142|00000142|00000021|00052263|00035320|00035256|-0000064|00000521|00034735
1|13|PEST                     |05|00038017|00000067|00000002|00038082|00025265|00025218|-0000047|00000465|00024753
1|13|PEST                     |06|00051632|00000077|00000006|00051703|00029375|00029325|-0000050|00000752|00028573
1|13|PEST                     |07|00052691|00000258|00000042|00052907|00033801|00033712|-0000089|00000598|00033114
1|13|PEST                     |08|00046511|00000135|00000163|00046483|00028420|00028150|-0000270|00000434|00027716
1|13|PEST                     |09|00036874|00000128|00000035|00036967|00024649|00024587|-0000062|00000452|00024135
1|13|PEST                     |10|00041578|00000237|00000069|00041746|00029386|00029339|-0000047|00000441|00028898
1|13|PEST                     |11|00039619|00000127|00000021|00039725|00026773|00029713|+0000060|00000399|00026314
1|13|PEST                     |12|00045800|00000153|00000078|00045875|00028271|00028186|-0000085|00000698|00027488
1|13|PEST                     |13|00051149|00000074|00000006|00051217|00030054|00029999|-0000055|00000651|00029348
1|13|PEST                     |14|00045993|00000093|00000072|00046014|00026060|00025991|-0000069|00000547|00025444
1|13|PEST                     |15|00049497|00000087|00000034|00049550|00029551|00029493|-0000058|00000437|00029056
1|13|PEST                     |16|00040172|00000067|00000007|00040232|00022165|00022110|-0000055|00000467|00021643
1|14|SOMOGY                   |01|00040443|00000123|00000011|00040555|00026054|00025953|-0000101|00000736|00025217
1|14|SOMOGY                   |02|00048552|00000113|00000003|00048662|00029089|00029029|-0000060|00000604|00028425
1|14|SOMOGY                   |03|00044498|00000165|00000011|00044652|00028193|00028136|-0000057|00000600|00027536
1|14|SOMOGY                   |04|00041189|00000165|00000021|00041333|00027542|00027508|-0000034|00000442|00027066
1|14|SOMOGY                   |05|00043750|00000075|00000006|00043819|00026518|00026483|-0000035|00000539|00025944
1|14|SOMOGY                   |06|00043462|00000091|00000000|00043553|00026090|00026059|-0000031|00000612|00025447
1|15|SZABOLCS-SZATMÁR-BEREG   |01|00042420|00000459|00000004|00042875|00026744|00026692|-0000052|00000348|00026344
1|15|SZABOLCS-SZATMÁR-BEREG   |02|00043952|00000417|00000004|00044365|00026163|00026092|-0000071|00000373|00025719
1|15|SZABOLCS-SZATMÁR-BEREG   |03|00042497|00000030|00000003|00042524|00022302|00022245|-0000057|00000640|00021605
1|15|SZABOLCS-SZATMÁR-BEREG   |04|00043599|00000075|00000004|00043670|00021430|00021387|-0000043|00000629|00020758
1|15|SZABOLCS-SZATMÁR-BEREG   |05|00042270|00000081|00000001|00042350|00019906|00019869|-0000037|00000611|00019258
1|15|SZABOLCS-SZATMÁR-BEREG   |06|00041973|00000064|00000006|00042031|00021496|00021466|-0000030|00000511|00020955
1|15|SZABOLCS-SZATMÁR-BEREG   |07|00042300|00000057|00000006|00042351|00020839|00020798|-0000041|00000415|00020383
1|15|SZABOLCS-SZATMÁR-BEREG   |08|00040771|00000049|00000000|00040820|00019960|00019924|-0000036|00000595|00019329
1|15|SZABOLCS-SZATMÁR-BEREG   |09|00041510|00000064|00000004|00041570|00023339|00023288|-0000051|00000474|00022814
1|15|SZABOLCS-SZATMÁR-BEREG   |10|00036810|00000039|00000000|00036849|00022682|00022655|-0000027|00000527|00022128
1|16|JÁSZ-NAGYKUN-SZOLNOK     |01|00038126|00000038|00000001|00038163|00023837|00023783|-0000054|00000688|00023095
1|16|JÁSZ-NAGYKUN-SZOLNOK     |02|00033407|00000032|00000000|00033439|00020486|00020446|-0000040|00000681|00019765
1|16|JÁSZ-NAGYKUN-SZOLNOK     |03|00041082|00000098|00000004|00041176|00024138|00024088|-0000050|00000568|00023520
1|16|JÁSZ-NAGYKUN-SZOLNOK     |04|00048350|00000095|00000007|00048438|00030202|00030150|-0000052|00000570|00029580
1|16|JÁSZ-NAGYKUN-SZOLNOK     |05|00037694|00000054|00000010|00037738|00021034|00020993|-0000041|00000644|00020349
1|16|JÁSZ-NAGYKUN-SZOLNOK     |06|00035429|00000043|00000000|00035472|00020801|00020742|-0000059|00000501|00020241
1|16|JÁSZ-NAGYKUN-SZOLNOK     |07|00046197|00000029|00000000|00046226|00026792|00026742|-0000050|00000897|00025845
1|16|JÁSZ-NAGYKUN-SZOLNOK     |08|00045787|00000098|00000007|00045878|00025013|00024965|-0000048|00000780|00024185
1|17|TOLNA                    |01|00049561|00000224|00000035|00049750|00033041|00032995|-0000046|00000383|00032612
1|17|TOLNA                    |02|00043588|00000098|00000024|00043662|00027339|00027289|-0000050|00000607|00026682
1|17|TOLNA                    |03|00035617|00000085|00000004|00035698|00025619|00025565|-0000054|00000493|00025072
1|17|TOLNA                    |04|00028347|00000052|00000001|00028398|00016893|00016847|-0000046|00000330|00016517
1|17|TOLNA                    |05|00035478|00000065|00000016|00035527|00020363|00020318|-0000045|00000480|00019838
1|18|VAS                      |01|00038785|00000056|00000004|00038837|00030196|00030142|-0000054|00000322|00029820
1|18|VAS                      |02|00038095|00000070|00000003|00038162|00029780|00029724|-0000056|00000451|00029273
1|18|VAS                      |03|00039500|00000072|00000004|00039568|00030693|00030608|-0000085|00000579|00030029
1|18|VAS                      |04|00045206|00000094|00000010|00045290|00032969|00032927|-0000042|00000583|00032344
1|18|VAS                      |05|00044831|00000085|00000012|00044904|00034893|00034828|-0000065|00000735|00034093
1|19|VESZPRÉM                 |01|00045332|00000089|00000000|00045421|00031919|00031844|-0000075|00000650|00031194
1|19|VESZPRÉM                 |02|00033232|00000101|00000009|00033324|00024279|00024219|-0000060|00000384|00023835
1|19|VESZPRÉM                 |03|00051162|00000161|00000003|00051320|00036666|00036586|-0000080|00000592|00035994
1|19|VESZPRÉM                 |04|00043399|00000067|00000003|00043463|00029691|00029647|-0000044|00000571|00029076
1|19|VESZPRÉM                 |05|00048392|00000114|00000005|00048501|00032841|00032791|-0000050|00000473|00032318
1|19|VESZPRÉM                 |06|00026035|00000067|00000008|00026094|00019472|00019428|-0000044|00000415|00019013
1|19|VESZPRÉM                 |07|00032054|00000117|00000009|00032162|00023550|00023522|-0000028|00000219|00023303
1|20|ZALA                     |01|00044678|00000057|00000070|00044665|00031678|00031629|-0000049|00000258|00031371
1|20|ZALA                     |02|00046922|00000089|00000010|00047001|00032533|00032483|-0000050|00000399|00032084
1|20|ZALA                     |03|00043658|00000132|00000012|00043778|00029236|00029177|-0000059|00000507|00028670
1|20|ZALA                     |04|00047856|00000084|00000003|00047937|00033698|00033657|-0000041|00000593|00033064
1|20|ZALA                     |05|00050667|00000046|00000001|00050712|00034729|00034694|-0000035|00000681|00034013
2|01|BUDAPEST                 |01|00055419|00000118|00000004|00055533|00036850|00036830|-0000020|00000148|00036682
2|01|BUDAPEST                 |02|00053056|00000147|00000000|00053203|00035439|00035403|-0000036|00000155|00035248
2|01|BUDAPEST                 |03|00053248|00000101|00000002|00053347|00031166|00031127|-0000039|00000157|00030970
2|01|BUDAPEST                 |04|00053222|00000137|00000003|00053356|00028568|00028551|-0000017|00000106|00028445
2|01|BUDAPEST                 |05|00053523|00000070|00000002|00053591|00023835|00023800|-0000035|00000443|00023357
2|01|BUDAPEST                 |06|00044264|00000055|00000020|00044299|00021062|00021037|-0000025|00000408|00020629
2|01|BUDAPEST                 |07|00049998|00000108|00000004|00050102|00029891|00029865|-0000026|00000185|00029680
2|01|BUDAPEST                 |08|00048328|00000149|00000002|00048475|00026222|00026177|-0000045|00000707|00025470
2|01|BUDAPEST                 |09|00045859|00000071|00000002|00045928|00023187|00023173|-0000014|00000196|00022977
2|01|BUDAPEST                 |10|00042713|00000129|00000001|00042841|00022413|00022386|-0000027|00000176|00022210
2|01|BUDAPEST                 |11|00048104|00000251|00000003|00048352|00022049|00021998|-0000051|00000566|00021432
2|01|BUDAPEST                 |12|00037831|00000224|00000001|00038054|00019466|00019419|-0000047|00000456|00018963
2|01|BUDAPEST                 |13|00042129|00000096|00000000|00042225|00020512|00020480|-0000032|00000567|00019913
2|01|BUDAPEST                 |14|00047601|00000172|00000006|00047767|00022644|00022630|-0000014|00000158|00022472
2|01|BUDAPEST                 |15|00045283|00000142|00000005|00045420|00027080|00027041|-0000039|00000800|00026241
2|01|BUDAPEST                 |16|00050466|00000338|00000024|00050780|00028143|00028080|-0000063|00000716|00027364
2|01|BUDAPEST                 |17|00033648|00000181|00000002|00033827|00021145|00021125|-0000020|00000074|00021051
2|01|BUDAPEST                 |18|00059101|00000115|00000012|00059204|00036710|00036631|-0000079|00000726|00035905
2|01|BUDAPEST                 |19|00047940|00000059|00000005|00047994|00026524|00026498|-0000026|00000164|00026334
2|01|BUDAPEST                 |20|00042856|00000053|00000002|00042907|00021225|00021201|-0000024|00000195|00021006
2|01|BUDAPEST                 |21|00054345|00000159|00000001|00054503|00030299|00030263|-0000036|00000175|00030088
2|01|BUDAPEST                 |22|00055108|00000107|00000009|00055206|00031142|00031103|-0000039|00000154|00030949
2|01|BUDAPEST                 |23|00051197|00000033|00000002|00051228|00025885|00025863|-0000022|00000152|00025711
2|01|BUDAPEST                 |24|00052959|00000173|00000007|00053125|00029242|00029207|-0000035|00000344|00028863
2|01|BUDAPEST                 |25|00052876|00000260|00000000|00053136|00027356|00027322|-0000034|00000322|00027000
2|01|BUDAPEST                 |26|00043155|00000099|00000026|00043228|00022201|00022187|-0000014|00000130|00022057
2|01|BUDAPEST                 |27|00049797|00000106|00000005|00049898|00023271|00023238|-0000033|00000458|00022780
2|01|BUDAPEST                 |28|00054684|00000223|00000037|00054870|00028795|00028762|-0000033|00000161|00028601
2|01|BUDAPEST                 |29|00046733|00000098|00000007|00046824|00023024|00023001|-0000023|00000169|00022832
2|01|BUDAPEST                 |30|00031333|00000100|00000000|00031433|00012684|00012669|-0000015|00000334|00012335
2|01|BUDAPEST                 |31|00031595|00000064|00000000|00031659|00015250|00015240|-0000010|00000074|00015166
2|01|BUDAPEST                 |32|00038342|00000069|00000002|00038409|00020047|00020027|-0000020|00000255|00019772
2|02|BARANYA                  |01|00047609|00000069|00000005|00047673|00021450|00021432|-0000018|00000268|00021164
2|02|BARANYA                  |02|00045700|00000054|00000000|00045754|00023915|00023899|-0000016|00000121|00023778
2|02|BARANYA                  |03|00046455|00000042|00000002|00046495|00021024|00021015|-0000009|00000112|00020903
2|02|BARANYA                  |04|00046005|00000047|00000000|00046052|00018405|00018398|-0000007|00000273|00018125
2|02|BARANYA                  |05|00053168|00000043|00000000|00053211|00027282|00027265|-0000017|00000362|00026903
2|02|BARANYA                  |06|00043034|00000068|00000004|00043098|00019683|00019673|-0000010|00000274|00019399
2|02|BARANYA                  |07|00034726|00000013|00000000|00034739|00014058|00014051|-0000007|00000242|00013809
2|03|BÁCS-KISKUN              |01|00042006|00000177|00000001|00042182|00016646|00016621|-0000025|00000151|00016470
2|03|BÁCS-KISKUN              |03|00039428|00000030|00000000|00039458|00013805|00013793|-0000012|00000188|00013605
2|03|BÁCS-KISKUN              |04|00045543|00000033|00000000|00045576|00017395|00017386|-0000009|00000270|00017116
2|03|BÁCS-KISKUN              |05|00041769|00000013|00000002|00041780|00017069|00017063|-0000006|00000173|00016890
2|03|BÁCS-KISKUN              |06|00042941|00000047|00000001|00042987|00018014|00018002|-0000012|00000360|00017642
2|03|BÁCS-KISKUN              |07|00044767|00000032|00000002|00044797|00019694|00019676|-0000018|00000264|00019412
2|03|BÁCS-KISKUN              |08|00039474|00000094|00000002|00039566|00015047|00015032|-0000015|00000254|00014778
2|03|BÁCS-KISKUN              |09|00047853|00000057|00000008|00047902|00023172|00023163|-0000009|00000209|00022954
2|03|BÁCS-KISKUN              |10|00041427|00000025|00000027|00041425|00017385|00017373|-0000012|00000276|00017097
2|04|BÉKÉS                    |01|00051290|00000065|00000003|00051352|00023167|00023127|-0000040|00000484|00022643
2|04|BÉKÉS                    |02|00048908|00000075|00000000|00048983|00019788|00019755|-0000033|00000424|00019331
2|04|BÉKÉS                    |03|00037871|00000018|00000000|00037889|00016543|00016515|-0000028|00000449|00016066
2|04|BÉKÉS                    |04|00039826|00000027|00000001|00039852|00015464|00015449|-0000015|00000259|00015190
2|04|BÉKÉS                    |06|00053678|00000029|00000003|00053704|00025825|00025809|-0000016|00000248|00025561
2|04|BÉKÉS                    |07|00045436|00000018|00000000|00045454|00018406|00018381|-0000025|00000434|00017947
2|05|BORSOD-ABAÚJ-ZEMPLÉN     |01|00042898|00000057|00000000|00042955|00018486|00018476|-0000010|00000189|00018287
2|05|BORSOD-ABAÚJ-ZEMPLÉN     |02|00047760|00000122|00000003|00047879|00022705|00022687|-0000018|00000117|00022570
2|05|BORSOD-ABAÚJ-ZEMPLÉN     |03|00041217|00000107|00000001|00041323|00017126|00017107|-0000019|00000082|00017025
2|05|BORSOD-ABAÚJ-ZEMPLÉN     |04|00045108|00000128|00000008|00045228|00018861|00018839|-0000022|00000392|00018447
2|05|BORSOD-ABAÚJ-ZEMPLÉN     |05|00045426|00000054|00000001|00045479|00016033|00016015|-0000018|00000247|00015768
2|05|BORSOD-ABAÚJ-ZEMPLÉN     |06|00037190|00000015|00000007|00037198|00012284|00012279|-0000005|00000187|00012092
2|05|BORSOD-ABAÚJ-ZEMPLÉN     |07|00041441|00000026|00000014|00041453|00014631|00014630|-0000001|00000118|00014512
2|05|BORSOD-ABAÚJ-ZEMPLÉN     |08|00038245|00000027|00000000|00038272|00015154|00015145|-0000009|00000223|00014922
2|05|BORSOD-ABAÚJ-ZEMPLÉN     |09|00047413|00000014|00000003|00047424|00016677|00016654|-0000023|00000450|00016204
2|05|BORSOD-ABAÚJ-ZEMPLÉN     |10|00050993|00000048|00000000|00051041|00019474|00019458|-0000016|00000267|00019191
2|05|BORSOD-ABAÚJ-ZEMPLÉN     |12|00047254|00000059|00000000|00047313|00016584|00016579|-0000005|00000155|00016424
2|05|BORSOD-ABAÚJ-ZEMPLÉN     |13|00045667|00000046|00000002|00045711|00019811|00019778|-0000033|00000420|00019358
2|06|CSONGRÁD                 |03|00051551|00000007|00000002|00051556|00019520|00019509|-0000011|00000139|00019370
2|06|CSONGRÁD                 |04|00047195|00000047|00000002|00047240|00018300|00018283|-0000017|00000576|00017707
2|06|CSONGRÁD                 |05|00036985|00000026|00000001|00037010|00016155|00016145|-0000010|00000224|00015921
2|06|CSONGRÁD                 |06|00047600|00000009|00000003|00047606|00022144|00022106|-0000038|00000466|00021640
2|06|CSONGRÁD                 |07|00041884|00000014|00000000|00041898|00016961|00016939|-0000022|00000291|00016648
2|07|FEJÉR                    |01|00044996|00000026|00000003|00045019|00022720|00022699|-0000021|00000306|00022393
2|07|FEJÉR                    |02|00044850|00000012|00000005|00044857|00022655|00022639|-0000016|00000179|00022460
2|07|FEJÉR                    |03|00042663|00000013|00000001|00042675|00020028|00020022|-0000006|00000083|00019939
2|07|FEJÉR                    |04|00044127|00000021|00000002|00044146|00016145|00016135|-0000010|00000243|00015892
2|07|FEJÉR                    |05|00043736|00000016|00000001|00043751|00020138|00020121|-0000017|00000265|00019856
2|07|FEJÉR                    |06|00046026|00000016|00000000|00046042|00015116|00015102|-0000014|00000321|00014781
2|07|FEJÉR                    |07|00041740|00000030|00000003|00041767|00017259|00017249|-0000010|00000301|00016948
2|08|GYŐR-MOSON-SOPRON        |01|00046131|00000024|00000002|00046153|00023464|00023455|-0000009|00000301|00023154
2|08|GYŐR-MOSON-SOPRON        |02|00049938|00000039|00000020|00049957|00027260|00027211|-0000049|00000500|00026711
2|08|GYŐR-MOSON-SOPRON        |03|00044760|00000015|00000025|00044750|00025513|00025505|-0000008|00000086|00025419
2|08|GYŐR-MOSON-SOPRON        |04|00043443|00000022|00000006|00043459|00022456|00022441|-0000015|00000305|00022136
2|08|GYŐR-MOSON-SOPRON        |05|00043924|00000014|00000001|00043937|00022317|00022279|-0000038|00000550|00021729
2|08|GYŐR-MOSON-SOPRON        |06|00044065|00000016|00000002|00044079|00025118|00025096|-0000022|00000326|00024770
2|08|GYŐR-MOSON-SOPRON        |07|00045113|00000102|00000007|00045208|00026261|00026252|-0000009|00000221|00026031
2|09|HAJDÚ-BIHAR              |01|00052430|00000161|00000001|00052590|00020451|00020427|-0000024|00000378|00020049
2|09|HAJDÚ-BIHAR              |02|00046172|00000198|00000000|00046370|00019446|00019436|-0000010|00000161|00019275
2|09|HAJDÚ-BIHAR              |03|00052189|00000178|00000003|00052364|00025027|00025012|-0000015|00000118|00024894
2|09|HAJDÚ-BIHAR              |04|00041135|00000114|00000011|00041238|00013672|00013669|-0000003|00000301|00013368
2|09|HAJDÚ-BIHAR              |05|00044606|00000032|00000000|00044638|00013943|00013928|-0000015|00000481|00013447
2|09|HAJDÚ-BIHAR              |06|00040797|00000015|00000000|00040812|00015168|00015156|-0000012|00000256|00014900
2|09|HAJDÚ-BIHAR              |07|00047344|00000072|00000000|00047416|00016240|00016226|-0000014|00000363|00015863
2|09|HAJDÚ-BIHAR              |08|00037067|00000025|00000000|00037092|00013689|00013685|-0000004|00000169|00013516
2|09|HAJDÚ-BIHAR              |09|00043960|00000042|00000008|00043994|00014750|00014739|-0000011|00000226|00014513
2|10|HEVES                    |01|00047761|00000119|00000034|00047846|00022576|00022562|-0000014|00000325|00022237
2|10|HEVES                    |02|00038859|00000023|00000018|00038864|00015898|00015889|-0000009|00000301|00015588
2|10|HEVES                    |03|00049388|00000045|00000000|00049433|00021843|00021822|-0000021|00000359|00021463
2|10|HEVES                    |04|00045281|00000046|00000000|00045327|00016956|00016948|-0000008|00000287|00016661
2|10|HEVES                    |05|00041000|00000024|00000044|00040980|00014071|00014063|-0000008|00000269|00013794
2|10|HEVES                    |06|00034764|00000024|00000001|00034787|00014105|00014101|-0000004|00000224|00013877
2|11|KOMÁROM-ESZTERGOM        |01|00055156|00000102|00000002|00055256|00023043|00023031|-0000012|00000222|00022809
2|11|KOMÁROM-ESZTERGOM        |02|00043002|00000064|00000000|00043066|00020879|00020868|-0000011|00000218|00020650
2|11|KOMÁROM-ESZTERGOM        |03|00044676|00000013|00000000|00044689|00018344|00018338|-0000006|00000254|00018084
2|11|KOMÁROM-ESZTERGOM        |04|00046705|00000027|00000000|00046732|00020836|00020823|-0000013|00000160|00020663
2|11|KOMÁROM-ESZTERGOM        |05|00045115|00000093|00000017|00045191|00021710|00021689|-0000021|00000231|00021458
2|12|NÓGRÁD                   |01|00045993|00000032|00000008|00046017|00019889|00019881|-0000008|00000179|00019702
2|12|NÓGRÁD                   |02|00047410|00000034|00000000|00047444|00015917|00015914|-0000003|00000333|00015581
2|12|NÓGRÁD                   |03|00039796|00000028|00000012|00039812|00015399|00015393|-0000006|00000274|00015119
2|12|NÓGRÁD                   |04|00043457|00000043|00000000|00043500|00018947|00018935|-0000012|00000208|00018727
2|13|PEST                     |01|00037845|00000038|00000000|00037883|00017583|00017572|-0000011|00000182|00017390
2|13|PEST                     |02|00037666|00000068|00000005|00037729|00017843|00017830|-0000013|00000230|00017600
2|13|PEST                     |03|00037350|00000026|00000003|00037373|00017640|00017627|-0000013|00000101|00017526
2|13|PEST                     |04|00052421|00000064|00000010|00052475|00025242|00025219|-0000023|00000170|00025049
2|13|PEST                     |05|00038116|00000042|00000000|00038158|00016102|00016083|-0000019|00000203|00015880
2|13|PEST                     |06|00051776|00000030|00000004|00051802|00018492|00018480|-0000012|00000266|00018214
2|13|PEST                     |07|00052743|00000135|00000025|00052853|00021936|00021919|-0000017|00000321|00021598
2|13|PEST                     |08|00046613|00000039|00000010|00046642|00018933|00018917|-0000016|00000179|00018738
2|13|PEST                     |09|00037075|00000071|00000003|00037143|00017348|00017318|-0000030|00000317|00017001
2|13|PEST                     |10|00041672|00000140|00000016|00041796|00022113|00022090|-0000023|00000314|00021776
2|13|PEST                     |11|00039668|00000095|00000000|00039763|00017963|00017934|-0000029|00000568|00017366
2|13|PEST                     |12|00045999|00000060|00000025|00046034|00019927|00019905|-0000022|00000227|00019678
2|13|PEST                     |13|00051326|00000036|00000004|00051358|00021237|00021219|-0000018|00000312|00020907
2|13|PEST                     |14|00046057|00000057|00000018|00046096|00018405|00018383|-0000022|00000293|00018090
2|13|PEST                     |15|00049692|00000100|00000028|00049764|00019275|00019258|-0000017|00000243|00019015
2|13|PEST                     |16|00040268|00000063|00000001|00040330|00016573|00016567|-0000006|00000175|00016392
2|14|SOMOGY                   |01|00040790|00000110|00000001|00040899|00018825|00018801|-0000024|00000124|00018677
2|14|SOMOGY                   |02|00048596|00000102|00000000|00048698|00020206|00020186|-0000020|00000434|00019752
2|14|SOMOGY                   |03|00044806|00000091|00000006|00044891|00019757|00019739|-0000018|00000201|00019538
2|14|SOMOGY                   |04|00041601|00000063|00000012|00041652|00020302|00020283|-0000019|00000269|00020014
2|14|SOMOGY                   |05|00043944|00000029|00000001|00043972|00018396|00018381|-0000015|00000300|00018081
2|14|SOMOGY                   |06|00043622|00000029|00000000|00043651|00017280|00017269|-0000011|00000176|00017093
2|15|SZABOLCS-SZATMÁR-BEREG   |01|00043960|00000154|00000000|00044114|00021171|00021156|-0000015|00000153|00021003
2|15|SZABOLCS-SZATMÁR-BEREG   |02|00044479|00000134|00000000|00044613|00019449|00019434|-0000015|00000170|00019264
2|15|SZABOLCS-SZATMÁR-BEREG   |03|00042641|00000007|00000000|00042648|00016261|00016251|-0000010|00000258|00015993
2|15|SZABOLCS-SZATMÁR-BEREG   |04|00043777|00000046|00000002|00043821|00017313|00017302|-0000011|00000416|00016886
2|15|SZABOLCS-SZATMÁR-BEREG   |05|00042573|00000020|00000000|00042593|00015491|00015480|-0000011|00000240|00015240
2|15|SZABOLCS-SZATMÁR-BEREG   |06|00042137|00000010|00000004|00042143|00014148|00014136|-0000012|00000312|00013824
2|15|SZABOLCS-SZATMÁR-BEREG   |07|00042495|00000023|00000000|00042518|00016750|00016742|-0000008|00000210|00016532
2|15|SZABOLCS-SZATMÁR-BEREG   |08|00040971|00000016|00000000|00040987|00017028|00017019|-0000009|00000275|00016744
2|15|SZABOLCS-SZATMÁR-BEREG   |09|00041792|00000033|00000000|00041825|00016182|00016168|-0000014|00000233|00015935
2|15|SZABOLCS-SZATMÁR-BEREG   |10|00037046|00000003|00000001|00037048|00014650|00014643|-0000007|00000430|00014213
2|16|JÁSZ-NAGYKUN-SZOLNOK     |01|00038217|00000014|00000000|00038231|00015189|00015178|-0000011|00000289|00014889
2|16|JÁSZ-NAGYKUN-SZOLNOK     |02|00033498|00000016|00000001|00033513|00013758|00013749|-0000009|00000218|00013531
2|16|JÁSZ-NAGYKUN-SZOLNOK     |03|00041279|00000027|00000001|00041305|00014477|00014461|-0000016|00000373|00014088
2|16|JÁSZ-NAGYKUN-SZOLNOK     |04|00048496|00000046|00000005|00048537|00020798|00020785|-0000013|00000192|00020593
2|16|JÁSZ-NAGYKUN-SZOLNOK     |05|00037825|00000036|00000004|00037857|00013368|00013353|-0000015|00000300|00013053
2|16|JÁSZ-NAGYKUN-SZOLNOK     |06|00035518|00000041|00000001|00035558|00015608|00015590|-0000018|00000158|00015432
2|16|JÁSZ-NAGYKUN-SZOLNOK     |07|00046424|00000004|00000000|00046428|00016082|00016063|-0000019|00000346|00015717
2|16|JÁSZ-NAGYKUN-SZOLNOK     |08|00045970|00000040|00000002|00046008|00014961|00014950|-0000011|00000342|00014608
2|17|TOLNA                    |01|00049825|00000087|00000009|00049903|00026588|00026576|-0000012|00000164|00026412
2|17|TOLNA                    |02|00043672|00000066|00000008|00043730|00018345|00018321|-0000024|00000260|00018061
2|17|TOLNA                    |03|00035452|00000036|00000000|00035488|00017527|00017503|-0000024|00000249|00017254
2|17|TOLNA                    |04|00028429|00000019|00000000|00028448|00012555|00012552|-0000003|00000080|00012472
2|17|TOLNA                    |05|00035694|00000018|00000002|00035710|00014569|00014560|-0000009|00000174|00014386
2|18|VAS                      |01|00039132|00000008|00000000|00039140|00022992|00022961|-0000031|00000331|00022630
2|18|VAS                      |02|00038272|00000033|00000001|00038304|00022644|00022636|-0000008|00000299|00022337
2|18|VAS                      |03|00039607|00000039|00000018|00039628|00023023|00023005|-0000018|00000361|00022644
2|18|VAS                      |04|00045478|00000049|00000007|00045520|00024508|00024487|-0000021|00000308|00024179
2|18|VAS                      |05|00044951|00000040|00000001|00044990|00028571|00028550|-0000021|00000464|00028086
2|19|VESZPRÉM                 |01|00045596|00000041|00000004|00045633|00021897|00021884|-0000013|00000282|00021602
2|19|VESZPRÉM                 |02|00033556|00000054|00000001|00033609|00017557|00017540|-0000017|00000226|00017314
2|19|VESZPRÉM                 |03|00051335|00000037|00000000|00051372|00024221|00024197|-0000024|00000352|00023845
2|19|VESZPRÉM                 |04|00043593|00000038|00000001|00043630|00020294|00020282|-0000012|00000278|00020004
2|19|VESZPRÉM                 |05|00048578|00000042|00000003|00048617|00021574|00021553|-0000021|00000320|00021233
2|19|VESZPRÉM                 |06|00026293|00000043|00000021|00026315|00014464|00014458|-0000006|00000113|00014345
2|19|VESZPRÉM                 |07|00032944|00000118|00000039|00033023|00015843|00015824|-0000019|00000244|00015580
2|20|ZALA                     |01|00044832|00000042|00000001|00044873|00024899|00024887|-0000012|00000097|00024790
2|20|ZALA                     |02|00047071|00000047|00000002|00047116|00022921|00022909|-0000012|00000235|00022674
2|20|ZALA                     |03|00043968|00000044|00000001|00044011|00021618|00021610|-0000008|00000327|00021283
2|20|ZALA                     |04|00048002|00000046|00000000|00048048|00025622|00025604|-0000018|00000313|00025291
2|20|ZALA                     |05|00050806|00000011|00000003|00050814|00026785|00026773|-0000012|00000309|00026464
