01|BUDAPEST                 |BUDAPEST05                 |   1409931|     14450|       115|   1424266|      1238|   1104142|   1102735|     -1407|      9541|   1093194|érvényes                  |
02|BARANYA                  |PÉCS                       |    322575|      1685|        13|    324247|       133|    232860|    232693|      -167|      2450|    230243|érvényes                  |
03|BÁCS-KISKUN              |KECSKEMÉT                  |    432040|      1393|        81|    433352|        40|    281469|    281225|      -244|      3600|    277625|érvényes                  |
04|BÉKÉS                    |BÉKÉSCSABA                 |    316721|       934|        21|    317634|        42|    212468|    212360|      -108|      3205|    209155|érvényes                  |
05|BORSOD-ABAÚJ-ZEMPLÉN     |MISKOLC                    |    577328|      1627|        46|    578909|       184|    393829|    393528|      -301|      4544|    388984|érvényes                  |
06|CSONGRÁD                 |SZEGED                     |    337148|      1735|        15|    338868|        64|    228147|    227967|      -180|      2880|    225087|érvényes                  |
07|FEJÉR                    |SZÉKESFEHÉRVÁR             |    335916|      1492|        29|    337379|       122|    234866|    234690|      -176|      2322|    232368|érvényes                  |
08|GYÕR-MOSON-SOPRON        |GYÕR                       |    347829|      2005|        11|    349823|        56|    258497|    258178|      -319|      2804|    255374|érvényes                  |
09|HAJDÚ-BIHAR              |DEBRECEN                   |    428008|      1831|        58|    429781|        88|    283478|    283276|      -202|      3593|    279683|érvényes                  |
10|HEVES                    |EGER                       |    260496|      1117|        13|    261600|        40|    183447|    183303|      -144|      2358|    180945|érvényes                  |
11|JÁSZ-NAGYKUN-SZOLNOK     |SZOLNOK                    |    330186|       754|         5|    330935|        34|    220562|    220430|      -132|      3190|    217240|érvényes                  |
12|KOMÁROM-ESZTERGOM        |TATABÁNYA                  |    249605|       846|        17|    250434|        60|    177757|    177613|      -144|      1840|    175773|érvényes                  |
13|NÓGRÁD                   |SALGÓTARJÁN                |    174567|       482|        12|    175037|        51|    121282|    121224|       -58|      1441|    119783|érvényes                  |
14|PEST                     |BUDAPEST05                 |    845729|      4862|       113|    850478|       238|    600436|    599878|      -558|      6348|    593530|érvényes                  |
15|SOMOGY                   |KAPOSVÁR                   |    265891|      1572|         4|    267459|       127|    181757|    181660|       -97|      2047|    179613|érvényes                  |
16|SZABOLCS-SZATMÁR-BEREG   |NYÍREGYHÁZA                |    441481|      1118|        20|    442579|       103|    291330|    291097|      -233|      4177|    286920|érvényes                  |
17|TOLNA                    |SZEKSZÁRD                  |    198362|       537|        15|    198884|        32|    136289|    136146|      -143|      1655|    134491|érvényes                  |
18|VAS                      |SZOMBATHELY                |    213610|      1014|        14|    214610|        40|    159184|    159079|      -105|      1855|    157224|érvényes                  |
19|VESZPRÉM                 |VESZPRÉM                   |    293214|      2066|        14|    295266|        60|    214379|    214239|      -140|      2284|    211955|érvényes                  |
20|ZALA                     |ZALAEGERSZEG               |    237953|      1649|        29|    239573|        68|    169474|    169326|      -148|      1763|    167563|érvényes                  |
