01|Budapest                 |3|Fõvárosi közgyûlési lista     |7|Választás eredményes          | 33| 33|  0|  30146|  60292|  90438|1402920|   1390|1404310| 612081| 611618|   -463|   8698| 602920|
02|Baranya                  |2|Megyei lista                  |7|Választás eredményes          | 19| 19|  0|   5145|  10289|  15433| 198305|     71| 198376| 107095| 107061|    -34|   4180| 102881|
03|Bács-Kiskun              |2|Megyei lista                  |7|Választás eredményes          | 24| 24|  0|   7589|  15178|  22767| 347430|    142| 347572| 157348| 157279|    -69|   5504| 151775|
04|Békés                    |2|Megyei lista                  |7|Választás eredményes          | 18| 18|  0|   5920|  11839|  17758| 255036|     61| 255097| 123371| 123330|    -41|   4949| 118381|
05|Borsod-Abaúj-Zemplén     |2|Megyei lista                  |7|Választás eredményes          | 30| 30|  0|  11618|  23236|  34853| 426895|    175| 427070| 240608| 240516|    -92|   8163| 232353|
06|Csongrád                 |2|Megyei lista                  |7|Választás eredményes          | 20| 20|  0|   4050|   8099|  12148| 171342|     89| 171431|  84017|  83987|    -30|   3004|  80983|
07|Fejér                    |2|Megyei lista                  |7|Választás eredményes          | 21| 21|  0|   5284|  10567|  15851| 225678|    171| 225849| 110006| 109961|    -45|   4291| 105670|
08|Gyõr-Moson-Sopron        |2|Megyei lista                  |7|Választás eredményes          | 21| 21|  0|   5220|  10440|  15660| 212484|     88| 212572| 109006| 108879|   -127|   4479| 104400|
09|Hajdú-Bihar              |2|Megyei lista                  |7|Választás eredményes          | 25| 25|  0|   6291|  12581|  18871| 270937|    112| 271049| 131735| 131658|    -77|   5852| 125806|
10|Heves                    |2|Megyei lista                  |7|Választás eredményes          | 15| 15|  0|   5516|  11031|  16546| 210837|    121| 210958| 115236| 115215|    -21|   4913| 110302|
11|Jász-Nagykun-Szolnok     |2|Megyei lista                  |7|Választás eredményes          | 20| 20|  0|   5893|  11786|  17679| 262951|    116| 263067| 123384| 123325|    -59|   5466| 117859|
12|Komárom-Esztergom        |2|Megyei lista                  |7|Választás eredményes          | 15| 15|  0|   4466|   8932|  13398| 197439|    112| 197551|  92899|  92845|    -54|   3525|  89320|
13|Nógrád                   |2|Megyei lista                  |7|Választás eredményes          | 15| 15|  0|   3789|   7578|  11366| 137554|     93| 137647|  78324|  78299|    -25|   2526|  75773|
14|Pest                     |2|Megyei lista                  |7|Választás eredményes          | 43| 43|  0|  19630|  39260|  58889| 921023|    708| 921731| 410779| 410471|   -308|  17879| 392592|
15|Somogy                   |2|Megyei lista                  |7|Választás eredményes          | 16| 16|  0|   5528|  11056|  16584| 213137|    148| 213285| 114360| 114329|    -31|   3770| 110559|
16|Szabolcs-Szatmár-Bereg   |2|Megyei lista                  |7|Választás eredményes          | 26| 26|  0|  10333|  20665|  30998| 353382|    146| 353528| 214468| 214366|   -102|   7717| 206649|
17|Tolna                    |2|Megyei lista                  |7|Választás eredményes          | 15| 15|  0|   3929|   7858|  11786| 167443|     66| 167509|  82210|  82162|    -48|   3590|  78572|
18|Vas                      |2|Megyei lista                  |7|Választás eredményes          | 15| 15|  0|   3966|   7932|  11898| 150178|     72| 150250|  81938|  81899|    -39|   2581|  79318|
19|Veszprém                 |2|Megyei lista                  |7|Választás eredményes          | 18| 18|  0|   5858|  11715|  17573| 251035|    175| 251210| 121178| 121110|    -68|   3962| 117148|
20|Zala                     |2|Megyei lista                  |7|Választás eredményes          | 15| 15|  0|   3880|   7760|  11640| 149756|    101| 149857|  81081|  81042|    -39|   3444|  77598|
