01|3|  1|LMP                           |  67082|  3|  0|
01|3|  2|FIDESZ-KDNP                   | 302566| 17|  0|
01|3|  3|JOBBIK                        |  54765|  3|  0|
01|3|  4|MSZP                          | 178507| 10|  0|
02|2|  1|FIDESZ-KDNP                   |  59245| 12|  0|
02|2|  2|LMP                           |   5314|  1|  0|
02|2|  3|JOBBIK                        |  11115|  2|  0|
02|2|  4|MSZP                          |  19401|  3|  0|
02|2|  5|Baranyai Emberekért           |   7806|  1|  0|
03|2|  1|JOBBIK                        |  20814|  3|  0|
03|2|  2|FIDESZ-KDNP                   |  96203| 16|  0|
03|2|  3|LMP                           |   8189|  1|  0|
03|2|  4|MSZP                          |  26569|  4|  0|
04|2|  1|FIDESZ-KDNP                   |  70084| 11|  0|
04|2|  2|MSZP                          |  28552|  4|  0|
04|2|  3|JOBBIK                        |  19745|  3|  0|
05|2|  1|FIDESZ-KDNP                   | 124560| 17|  0|
05|2|  2|LMP                           |   8200|  0|  0|
05|2|  3|MSZP                          |  49735|  6|  0|
05|2|  4|JOBBIK                        |  49858|  7|  0|
06|2|  1|MSZP                          |  21944|  6|  0|
06|2|  2|FIDESZ-KDNP                   |  43712| 12|  0|
06|2|  3|JOBBIK                        |   9698|  2|  0|
06|2|  4|PSZM MAKÓ                     |   1958|  0|  0|
06|2|  5|Városépítõk Társasága         |   3671|  0|  0|
07|2|  1|MSZP                          |  19805|  4|  0|
07|2|  2|JOBBIK                        |  15688|  3|  0|
07|2|  3|FETE                          |   8812|  1|  0|
07|2|  4|FIDESZ-KDNP                   |  61365| 13|  0|
08|2|  1|MSZP                          |  21079|  4|  0|
08|2|  2|FIDESZ-KDNP                   |  70214| 15|  0|
08|2|  3|JOBBIK                        |  13107|  2|  0|
09|2|  1|LMP                           |   5082|  0|  0|
09|2|  2|FIDESZ-KDNP                   |  75579| 16|  0|
09|2|  3|JOBBIK                        |  23404|  5|  0|
09|2|  4|MSZP                          |  21741|  4|  0|
10|2|  1|FIDESZ-KDNP                   |  56203|  8|  0|
10|2|  2|MSZP                          |  29779|  4|  0|
10|2|  3|JOBBIK                        |  24320|  3|  0|
11|2|  1|MSZP                          |  27088|  5|  0|
11|2|  2|JOBBIK                        |  25912|  4|  0|
11|2|  3|FIDESZ-KDNP                   |  64859| 11|  0|
12|2|  1|MSZP                          |  26050|  4|  0|
12|2|  2|JOBBIK                        |  12044|  2|  0|
12|2|  3|FIDESZ-KDNP                   |  51226|  9|  0|
13|2|  1|MSZP                          |  16045|  3|  0|
13|2|  2|MUNKÁSPÁRT                    |   1504|  0|  0|
13|2|  3|CIVILEK A MEGYÉÉRT EGYESÜLET  |   2266|  0|  0|
13|2|  4|JOBBIK                        |  11967|  2|  0|
13|2|  5|FIDESZ-KDNP                   |  43991| 10|  0|
14|2|  1|FIDESZ-KDNP                   | 230611| 26|  0|
14|2|  2|JOBBIK                        |  65391|  7|  0|
14|2|  3|MSZP                          |  96590| 10|  0|
15|2|  1|SOMOGY POLGÁRAIÉRT            |   2209|  0|  0|
15|2|  2|FIDESZ-KDNP                   |  61807| 10|  0|
15|2|  3|JOBBIK                        |  10872|  1|  0|
15|2|  4|SOMOGYÉRT                     |  20956|  3|  0|
15|2|  5|MSZP                          |  14715|  2|  0|
16|2|  1|ÖSSZEFOGÁS MEGYÉNKÉRT         |  17164|  2|  0|
16|2|  2|MSZP                          |  31841|  4|  0|
16|2|  3|JOBBIK                        |  38639|  5|  0|
16|2|  4|FIDESZ-KDNP                   | 119005| 15|  0|
17|2|  1|JOBBIK                        |  10936|  2|  0|
17|2|  2|FIDESZ-KDNP                   |  50174| 10|  0|
17|2|  3|MSZP                          |  17462|  3|  0|
18|2|  1|SZOLIDARITÁS                  |   6182|  1|  0|
18|2|  2|FIDESZ-KDNP                   |  51563| 11|  0|
18|2|  3|MSZP                          |  13569|  2|  0|
18|2|  4|JOBBIK                        |   8004|  1|  0|
19|2|  1|FIDESZ-KDNP                   |  73315| 12|  0|
19|2|  2|MSZP                          |  28163|  4|  0|
19|2|  3|JOBBIK                        |  15670|  2|  0|
20|2|  1|JOBBIK                        |  12479|  2|  0|
20|2|  2|ZMPPE                         |   4394|  0|  0|
20|2|  3|MSZP                          |  13201|  3|  0|
20|2|  4|FIDESZ-KDNP                   |  47524| 10|  0|
